nb_sample,node,max_cycle,max_cycle,avgcycle,max_delta,avg_delta,
43,6,8,8,3.3333333333333335,7,3.891304347826087,
617,6,8,8,2.75,7,3.46875,
1113,6,8,8,4.0,7,3.25,
1174,6,15,15,5.666666666666667,14,8.368421052631579,
1205,6,8,8,4.5,7,2.3333333333333335,
1231,6,9,9,3.6666666666666665,8,3.264705882352941,
1944,6,8,8,4.5,7,3.103448275862069,
2047,6,11,11,6.0,10,6.112903225806452,
2083,6,8,8,2.6,7,3.8125,
2273,6,11,11,6.0,10,5.194444444444445,
2401,6,8,8,4.5,7,2.857142857142857,
2476,6,9,9,3.6666666666666665,8,3.590909090909091,
2504,6,8,8,3.3333333333333335,7,2.4375,
2545,6,8,8,4.5,7,2.8714285714285714,
2629,6,8,8,4.5,7,3.3421052631578947,
2946,6,9,9,5.0,8,3.4285714285714284,
3010,6,8,8,4.5,7,3.3703703703703702,
3387,6,8,8,3.3333333333333335,7,2.673076923076923,
4291,6,8,8,5.666666666666667,7,5.666666666666667,
4310,6,8,8,4.5,7,3.825,
4775,6,8,8,4.5,7,3.235294117647059,
23,6,8,8,4.5,7,2.880952380952381,
803,6,8,8,3.3333333333333335,7,4.260869565217392,
1350,6,8,8,3.3333333333333335,7,3.638888888888889,
1548,6,11,11,6.0,10,5.424242424242424,
1641,6,8,8,4.5,7,5.666666666666667,
2188,6,8,8,3.6666666666666665,7,3.7083333333333335,
2725,6,9,9,5.0,8,4.380952380952381,
2797,6,8,8,3.3333333333333335,7,2.9,
3140,6,8,8,4.5,7,2.1285714285714286,
3475,6,8,8,4.5,7,2.7666666666666666,
3568,6,10,10,4.0,9,4.984375,
4326,6,9,9,3.6666666666666665,8,2.3,
4571,6,8,8,4.5,7,2.3541666666666665,
4875,6,10,10,5.5,9,4.451612903225806,
4927,6,8,8,4.5,7,5.625,
4968,6,8,8,2.75,7,2.859375,
476,6,8,8,4.5,7,3.3653846153846154,
1032,6,8,8,4.5,7,2.6458333333333335,
1201,6,8,8,3.3333333333333335,7,4.3088235294117645,
2066,6,8,8,4.5,7,3.212121212121212,
2202,6,9,9,3.25,7,4.672413793103448,
2457,6,12,12,6.5,11,8.210526315789474,
2707,6,8,8,4.5,7,2.787878787878788,
3000,6,8,8,3.0,7,3.576923076923077,
3460,6,9,9,3.5,8,5.076923076923077,
4144,6,8,8,3.6666666666666665,6,3.0806451612903225,
4180,6,8,8,3.6666666666666665,7,3.6363636363636362,
4311,6,9,9,5.0,8,3.9318181818181817,
4943,6,8,8,4.5,7,3.227272727272727,
5032,6,8,8,3.3333333333333335,7,3.5,
5040,6,8,8,3.6666666666666665,7,3.2241379310344827,
5323,6,8,8,4.5,7,2.8970588235294117,
5536,6,9,9,5.0,8,3.657142857142857,
5642,6,8,8,4.5,7,3.2,
6173,6,10,10,3.4,9,5.339285714285714,
6297,6,8,8,4.5,7,2.0303030303030303,
6387,6,8,8,4.5,7,3.2777777777777777,
7232,6,10,10,4.666666666666667,8,5.05,
7285,6,8,8,3.3333333333333335,7,2.3088235294117645,
7692,6,8,8,4.5,7,2.7291666666666665,
8596,6,8,8,3.3333333333333335,7,3.4393939393939394,
8604,6,8,8,3.6666666666666665,7,4.088235294117647,
9095,6,8,8,4.5,7,3.1363636363636362,
9164,6,9,9,3.0,8,4.113636363636363,
9440,6,8,8,4.5,7,4.347222222222222,
9680,6,8,8,3.3333333333333335,7,4.086956521739131,
9768,6,8,8,2.75,7,2.986111111111111,
10127,6,9,9,5.0,8,4.986111111111111,
10331,6,8,8,3.3333333333333335,7,3.5,
10681,6,10,10,5.5,9,3.65,
10760,6,8,8,3.3333333333333335,7,2.7,
10784,6,9,9,5.0,8,3.140625,
10821,6,8,8,4.5,6,3.1904761904761907,
11281,6,8,8,3.3333333333333335,7,5.083333333333333,
11284,6,8,8,4.5,7,2.323529411764706,
11288,6,10,10,3.5,9,3.793103448275862,
11426,6,11,11,6.0,10,7.140625,
11774,6,9,9,5.0,8,4.288461538461538,
12016,6,10,10,5.5,9,3.5555555555555554,
12421,6,9,9,3.6666666666666665,8,3.378787878787879,
12519,6,8,8,4.5,7,3.621212121212121,
12641,6,8,8,4.5,7,3.125,
12645,6,8,8,4.5,7,3.7777777777777777,
12741,6,8,8,3.0,7,3.706896551724138,
12804,6,9,9,5.0,8,3.742857142857143,
12969,6,9,9,5.0,8,4.714285714285714,
13010,6,8,8,4.5,7,2.625,
13189,6,8,8,4.5,7,3.5,
13430,6,9,9,5.0,8,5.634615384615385,
13519,6,9,9,5.0,8,4.114285714285714,
14214,6,8,8,2.75,7,3.1875,
14475,6,8,8,4.5,7,2.693548387096774,
15245,6,8,8,3.3333333333333335,7,3.5652173913043477,
15559,6,9,9,5.0,8,2.8,
15998,6,8,8,4.5,7,2.5161290322580645,
17106,6,10,10,5.5,9,4.0,
17205,6,11,11,6.0,10,5.3,
17259,6,8,8,4.5,7,3.4583333333333335,
17286,6,8,8,4.5,7,2.1666666666666665,
17489,6,8,8,3.3333333333333335,7,3.767857142857143,
17688,6,9,9,4.0,8,3.8484848484848486,
18906,6,8,8,4.5,6,3.391304347826087,
18936,6,10,10,5.5,9,5.089285714285714,
19027,6,9,9,3.6666666666666665,8,3.75,
19268,6,8,8,3.0,7,3.9838709677419355,
20065,6,12,12,6.5,11,5.483870967741935,
20122,6,8,8,4.5,7,3.0757575757575757,
21120,6,9,9,4.25,8,4.375,
21822,6,9,9,5.0,8,4.369565217391305,
21827,6,8,8,4.5,7,3.096774193548387,
22093,6,8,8,4.5,7,3.526315789473684,
22177,6,10,10,4.666666666666667,8,4.75,
22281,6,9,9,2.6,8,4.455882352941177,
22959,6,8,8,4.5,7,4.78125,
23548,6,8,8,2.75,7,5.06,
25211,6,8,8,4.5,7,3.274193548387097,
25274,6,8,8,4.5,7,5.34,
25426,6,8,8,4.5,7,2.138888888888889,
25563,6,8,8,4.5,7,2.5166666666666666,
25733,6,8,8,4.5,7,3.0416666666666665,
25988,6,8,8,3.0,7,3.75,
26099,6,9,9,5.0,8,4.26,
26274,6,8,8,4.5,7,3.3529411764705883,
26353,6,8,8,4.5,7,2.3620689655172415,
26453,6,9,9,3.6666666666666665,8,4.651515151515151,
26501,6,11,11,5.25,10,5.95,
26778,6,12,12,4.5,11,7.027777777777778,
27327,6,8,8,4.5,7,2.2916666666666665,
27650,6,9,9,5.0,8,3.7419354838709675,
27790,6,9,9,4.0,8,4.568965517241379,
27900,6,9,9,5.0,8,5.038461538461538,
28590,6,8,8,3.6666666666666665,7,3.4722222222222223,
28864,6,8,8,4.5,7,4.161764705882353,
29025,6,9,9,3.25,8,4.074074074074074,
29968,6,8,8,4.5,7,2.4565217391304346,
30129,6,8,8,4.5,7,2.9473684210526314,
30226,6,10,10,5.5,9,4.0,
30649,6,8,8,4.5,7,2.94,
30966,6,8,8,4.5,7,3.0,
30984,6,8,8,4.5,7,2.8620689655172415,
31101,6,8,8,4.5,7,2.2419354838709675,
31202,6,9,9,3.25,8,4.5,
31585,6,8,8,4.5,7,2.888888888888889,
31801,6,9,9,5.0,8,3.888888888888889,
32124,6,8,8,3.3333333333333335,7,2.96,
32190,6,9,9,4.333333333333333,8,3.2666666666666666,
32315,6,8,8,4.5,7,3.2083333333333335,
32474,6,8,8,4.5,7,2.0833333333333335,
33383,6,8,8,4.5,7,2.414285714285714,
33682,6,8,8,4.5,7,3.742424242424242,
33943,6,8,8,3.3333333333333335,6,3.0428571428571427,
34121,6,8,8,4.5,7,2.013888888888889,
34263,6,10,10,5.25,8,5.0,
34625,6,8,8,4.5,7,3.1142857142857143,
34641,6,8,8,3.25,7,3.7,
34910,6,8,8,4.5,7,3.2586206896551726,
35565,6,8,8,2.75,7,3.757142857142857,
35744,6,10,10,4.0,9,4.878787878787879,
36267,6,8,8,4.5,7,2.2058823529411766,
36444,6,8,8,3.3333333333333335,7,3.0,
36934,6,8,8,4.5,7,2.75,
37054,6,8,8,3.3333333333333335,7,3.111111111111111,
37616,6,8,8,3.3333333333333335,7,3.875,
37778,6,8,8,4.5,7,2.1323529411764706,
38205,6,9,9,5.0,8,3.652173913043478,
38778,6,9,9,5.0,8,3.6458333333333335,
39053,6,10,10,5.5,9,4.738095238095238,
39074,6,8,8,4.5,7,2.5961538461538463,
39166,6,8,8,3.3333333333333335,7,1.6612903225806452,
39214,6,12,12,5.0,11,6.015151515151516,
39583,6,8,8,2.4,7,4.457142857142857,
40146,6,11,11,6.0,10,7.615384615384615,
40259,6,9,9,3.25,8,3.257575757575758,
40866,6,8,8,4.333333333333333,7,3.5185185185185186,
41541,6,8,8,3.6666666666666665,7,2.7857142857142856,
41598,6,9,9,5.0,8,4.21875,
41977,6,8,8,4.5,7,2.357142857142857,
42015,6,8,8,4.5,7,3.5526315789473686,
42391,6,8,8,2.75,7,5.395833333333333,
42898,6,8,8,3.3333333333333335,7,3.357142857142857,
42966,6,8,8,4.5,7,2.6785714285714284,
43160,6,8,8,4.5,7,2.3653846153846154,
43424,6,8,8,3.3333333333333335,7,2.9423076923076925,
43453,6,8,8,5.0,7,4.15,
43471,6,9,9,4.333333333333333,8,3.392857142857143,
43848,6,8,8,2.75,7,3.2903225806451615,
45648,6,8,8,4.5,7,2.9838709677419355,
45927,6,9,9,5.0,8,3.8421052631578947,
46081,6,8,8,3.25,7,3.3225806451612905,
46088,6,8,8,4.5,7,3.189655172413793,
46159,6,9,9,5.0,8,3.888888888888889,
46288,6,10,10,5.5,9,5.525,
46515,6,12,12,4.25,11,7.88,
47347,6,8,8,4.5,7,3.3653846153846154,
47548,6,10,10,5.5,9,4.2,
47830,6,9,9,4.666666666666667,8,3.40625,
47998,6,10,10,6.0,9,3.1875,
48793,6,8,8,4.5,7,3.5,
48903,6,8,8,4.5,7,2.0833333333333335,
49058,6,8,8,2.75,7,4.184210526315789,
49365,6,8,8,3.6666666666666665,7,2.7794117647058822,
49419,6,8,8,4.5,7,3.234375,
49865,6,8,8,4.0,7,2.3870967741935485,
