0 ; 8 
0 ; 11 
0 ; 34 
0 ; 41 
0 ; 48 
0 ; 65 
0 ; 82 
0 ; 83 
0 ; 109 
0 ; 114 
0 ; 130 
0 ; 136 
0 ; 144 
0 ; 164 
0 ; 167 
0 ; 169 
0 ; 174 
0 ; 178 
0 ; 196 
0 ; 226 
0 ; 230 
0 ; 243 
0 ; 260 
0 ; 279 
0 ; 282 
0 ; 289 
0 ; 299 
0 ; 301 
0 ; 304 
0 ; 316 
0 ; 365 
0 ; 369 
0 ; 385 
0 ; 411 
0 ; 418 
0 ; 439 
0 ; 440 
0 ; 512 
0 ; 514 
1 ; 12 
1 ; 18 
1 ; 77 
1 ; 82 
1 ; 101 
1 ; 148 
1 ; 150 
1 ; 178 
1 ; 183 
1 ; 193 
1 ; 201 
1 ; 227 
1 ; 242 
1 ; 249 
1 ; 256 
1 ; 259 
1 ; 293 
1 ; 304 
1 ; 312 
1 ; 425 
1 ; 434 
1 ; 447 
1 ; 454 
1 ; 470 
1 ; 472 
1 ; 516 
1 ; 530 
2 ; 12 
2 ; 41 
2 ; 42 
2 ; 76 
2 ; 115 
2 ; 149 
2 ; 160 
2 ; 173 
2 ; 184 
2 ; 188 
2 ; 209 
2 ; 212 
2 ; 217 
2 ; 225 
2 ; 226 
2 ; 247 
2 ; 258 
2 ; 263 
2 ; 279 
2 ; 280 
2 ; 296 
2 ; 299 
2 ; 301 
2 ; 326 
2 ; 330 
2 ; 332 
2 ; 378 
2 ; 383 
2 ; 393 
2 ; 395 
2 ; 415 
2 ; 427 
2 ; 435 
2 ; 444 
2 ; 448 
2 ; 453 
2 ; 478 
2 ; 480 
2 ; 491 
2 ; 511 
2 ; 531 
3 ; 6 
3 ; 23 
3 ; 28 
3 ; 42 
3 ; 63 
3 ; 64 
3 ; 77 
3 ; 124 
3 ; 165 
3 ; 186 
3 ; 216 
3 ; 235 
3 ; 294 
3 ; 311 
3 ; 329 
3 ; 335 
3 ; 336 
3 ; 353 
3 ; 370 
3 ; 405 
3 ; 435 
3 ; 473 
3 ; 496 
3 ; 507 
3 ; 514 
3 ; 534 
4 ; 26 
4 ; 48 
4 ; 49 
4 ; 55 
4 ; 89 
4 ; 105 
4 ; 130 
4 ; 168 
4 ; 184 
4 ; 187 
4 ; 206 
4 ; 222 
4 ; 246 
4 ; 274 
4 ; 280 
4 ; 284 
4 ; 326 
4 ; 347 
4 ; 361 
4 ; 379 
4 ; 388 
4 ; 410 
4 ; 411 
4 ; 456 
4 ; 484 
4 ; 502 
5 ; 18 
5 ; 56 
5 ; 132 
5 ; 137 
5 ; 175 
5 ; 179 
5 ; 208 
5 ; 229 
5 ; 242 
5 ; 249 
5 ; 254 
5 ; 282 
5 ; 319 
5 ; 332 
5 ; 346 
5 ; 348 
5 ; 379 
5 ; 404 
5 ; 457 
5 ; 460 
5 ; 474 
5 ; 484 
5 ; 490 
5 ; 493 
5 ; 520 
5 ; 534 
6 ; 55 
6 ; 82 
6 ; 86 
6 ; 111 
6 ; 151 
6 ; 157 
6 ; 159 
6 ; 163 
6 ; 175 
6 ; 188 
6 ; 213 
6 ; 225 
6 ; 256 
6 ; 274 
6 ; 275 
6 ; 343 
6 ; 367 
6 ; 383 
6 ; 390 
6 ; 397 
6 ; 411 
6 ; 416 
6 ; 431 
6 ; 440 
6 ; 518 
7 ; 70 
7 ; 115 
7 ; 163 
7 ; 164 
7 ; 167 
7 ; 188 
7 ; 224 
7 ; 314 
7 ; 323 
7 ; 324 
7 ; 325 
7 ; 353 
7 ; 361 
7 ; 365 
7 ; 412 
7 ; 414 
7 ; 428 
7 ; 437 
7 ; 479 
7 ; 481 
7 ; 532 
8 ; 19 
8 ; 28 
8 ; 29 
8 ; 60 
8 ; 104 
8 ; 111 
8 ; 120 
8 ; 128 
8 ; 137 
8 ; 181 
8 ; 187 
8 ; 212 
8 ; 215 
8 ; 238 
8 ; 272 
8 ; 305 
8 ; 339 
8 ; 353 
8 ; 354 
8 ; 366 
8 ; 378 
8 ; 397 
8 ; 398 
8 ; 403 
8 ; 437 
8 ; 450 
8 ; 452 
8 ; 471 
9 ; 31 
9 ; 52 
9 ; 65 
9 ; 76 
9 ; 87 
9 ; 130 
9 ; 133 
9 ; 155 
9 ; 177 
9 ; 185 
9 ; 200 
9 ; 219 
9 ; 226 
9 ; 231 
9 ; 239 
9 ; 251 
9 ; 262 
9 ; 306 
9 ; 327 
9 ; 331 
9 ; 336 
9 ; 340 
9 ; 347 
9 ; 369 
9 ; 388 
9 ; 426 
9 ; 476 
9 ; 482 
10 ; 19 
10 ; 77 
10 ; 78 
10 ; 101 
10 ; 111 
10 ; 117 
10 ; 121 
10 ; 141 
10 ; 165 
10 ; 168 
10 ; 181 
10 ; 184 
10 ; 185 
10 ; 193 
10 ; 211 
10 ; 228 
10 ; 261 
10 ; 263 
10 ; 324 
10 ; 349 
10 ; 351 
10 ; 366 
10 ; 402 
10 ; 410 
10 ; 423 
10 ; 439 
10 ; 446 
10 ; 462 
10 ; 463 
10 ; 467 
10 ; 469 
10 ; 489 
11 ; 25 
11 ; 49 
11 ; 64 
11 ; 101 
11 ; 109 
11 ; 114 
11 ; 115 
11 ; 117 
11 ; 122 
11 ; 138 
11 ; 171 
11 ; 211 
11 ; 240 
11 ; 263 
11 ; 267 
11 ; 286 
11 ; 307 
11 ; 308 
11 ; 323 
11 ; 327 
11 ; 329 
11 ; 357 
11 ; 386 
11 ; 387 
11 ; 399 
11 ; 421 
11 ; 474 
11 ; 488 
11 ; 500 
11 ; 506 
11 ; 507 
11 ; 513 
11 ; 516 
12 ; 62 
12 ; 148 
12 ; 166 
12 ; 236 
12 ; 315 
12 ; 342 
12 ; 353 
12 ; 365 
12 ; 371 
12 ; 377 
12 ; 410 
12 ; 412 
12 ; 414 
12 ; 438 
12 ; 455 
12 ; 464 
12 ; 478 
12 ; 479 
12 ; 523 
12 ; 529 
13 ; 20 
13 ; 23 
13 ; 37 
13 ; 57 
13 ; 76 
13 ; 92 
13 ; 98 
13 ; 114 
13 ; 127 
13 ; 129 
13 ; 138 
13 ; 158 
13 ; 161 
13 ; 162 
13 ; 168 
13 ; 176 
13 ; 236 
13 ; 283 
13 ; 298 
13 ; 304 
13 ; 359 
13 ; 375 
13 ; 382 
13 ; 394 
13 ; 435 
13 ; 449 
13 ; 473 
13 ; 484 
13 ; 498 
14 ; 54 
14 ; 64 
14 ; 99 
14 ; 106 
14 ; 152 
14 ; 204 
14 ; 246 
14 ; 255 
14 ; 262 
14 ; 291 
14 ; 299 
14 ; 302 
14 ; 303 
14 ; 316 
14 ; 326 
14 ; 360 
14 ; 388 
14 ; 397 
14 ; 429 
14 ; 441 
14 ; 442 
14 ; 467 
14 ; 469 
14 ; 479 
14 ; 491 
14 ; 516 
14 ; 531 
14 ; 532 
15 ; 59 
15 ; 64 
15 ; 86 
15 ; 87 
15 ; 98 
15 ; 118 
15 ; 124 
15 ; 127 
15 ; 132 
15 ; 141 
15 ; 152 
15 ; 159 
15 ; 168 
15 ; 220 
15 ; 232 
15 ; 285 
15 ; 294 
15 ; 317 
15 ; 322 
15 ; 329 
15 ; 335 
15 ; 394 
15 ; 400 
15 ; 468 
15 ; 472 
15 ; 495 
15 ; 503 
15 ; 518 
15 ; 529 
16 ; 21 
16 ; 29 
16 ; 75 
16 ; 78 
16 ; 82 
16 ; 86 
16 ; 88 
16 ; 92 
16 ; 101 
16 ; 110 
16 ; 136 
16 ; 173 
16 ; 191 
16 ; 214 
16 ; 224 
16 ; 225 
16 ; 326 
16 ; 362 
16 ; 388 
16 ; 403 
16 ; 415 
16 ; 429 
16 ; 435 
16 ; 441 
16 ; 442 
16 ; 448 
16 ; 453 
16 ; 461 
16 ; 495 
17 ; 18 
17 ; 20 
17 ; 28 
17 ; 33 
17 ; 51 
17 ; 63 
17 ; 70 
17 ; 76 
17 ; 83 
17 ; 146 
17 ; 151 
17 ; 185 
17 ; 209 
17 ; 217 
17 ; 246 
17 ; 249 
17 ; 260 
17 ; 264 
17 ; 313 
17 ; 362 
17 ; 377 
17 ; 403 
17 ; 423 
17 ; 441 
17 ; 446 
17 ; 483 
17 ; 495 
17 ; 519 
18 ; 20 
18 ; 33 
18 ; 48 
18 ; 55 
18 ; 83 
18 ; 95 
18 ; 108 
18 ; 152 
18 ; 177 
18 ; 184 
18 ; 198 
18 ; 204 
18 ; 219 
18 ; 240 
18 ; 255 
18 ; 291 
18 ; 299 
18 ; 340 
18 ; 373 
18 ; 395 
18 ; 411 
18 ; 450 
18 ; 457 
18 ; 476 
18 ; 477 
19 ; 36 
19 ; 95 
19 ; 104 
19 ; 106 
19 ; 132 
19 ; 141 
19 ; 210 
19 ; 244 
19 ; 359 
19 ; 371 
19 ; 376 
19 ; 377 
19 ; 406 
19 ; 413 
19 ; 449 
19 ; 470 
19 ; 477 
19 ; 481 
20 ; 58 
20 ; 65 
20 ; 69 
20 ; 75 
20 ; 81 
20 ; 89 
20 ; 192 
20 ; 232 
20 ; 239 
20 ; 298 
20 ; 323 
20 ; 325 
20 ; 330 
20 ; 409 
20 ; 435 
20 ; 488 
20 ; 522 
21 ; 41 
21 ; 79 
21 ; 87 
21 ; 98 
21 ; 106 
21 ; 107 
21 ; 110 
21 ; 114 
21 ; 158 
21 ; 167 
21 ; 182 
21 ; 193 
21 ; 226 
21 ; 230 
21 ; 262 
21 ; 302 
21 ; 315 
21 ; 333 
21 ; 397 
21 ; 416 
21 ; 429 
21 ; 440 
21 ; 455 
21 ; 503 
22 ; 46 
22 ; 55 
22 ; 60 
22 ; 79 
22 ; 96 
22 ; 100 
22 ; 111 
22 ; 125 
22 ; 135 
22 ; 160 
22 ; 166 
22 ; 221 
22 ; 260 
22 ; 303 
22 ; 306 
22 ; 309 
22 ; 314 
22 ; 361 
22 ; 375 
22 ; 441 
22 ; 443 
22 ; 452 
22 ; 464 
23 ; 51 
23 ; 74 
23 ; 122 
23 ; 125 
23 ; 168 
23 ; 173 
23 ; 197 
23 ; 212 
23 ; 241 
23 ; 248 
23 ; 260 
23 ; 266 
23 ; 275 
23 ; 284 
23 ; 300 
23 ; 308 
23 ; 323 
23 ; 350 
23 ; 403 
23 ; 415 
23 ; 417 
23 ; 421 
23 ; 426 
23 ; 428 
23 ; 454 
23 ; 459 
23 ; 471 
23 ; 475 
23 ; 507 
23 ; 514 
23 ; 524 
23 ; 525 
23 ; 527 
24 ; 40 
24 ; 51 
24 ; 87 
24 ; 186 
24 ; 187 
24 ; 253 
24 ; 279 
24 ; 281 
24 ; 324 
24 ; 334 
24 ; 351 
24 ; 376 
24 ; 381 
24 ; 382 
24 ; 394 
24 ; 397 
24 ; 425 
24 ; 442 
24 ; 466 
24 ; 472 
24 ; 477 
24 ; 485 
24 ; 497 
24 ; 509 
24 ; 513 
25 ; 49 
25 ; 79 
25 ; 98 
25 ; 116 
25 ; 134 
25 ; 154 
25 ; 155 
25 ; 225 
25 ; 237 
25 ; 241 
25 ; 266 
25 ; 319 
25 ; 324 
25 ; 328 
25 ; 335 
25 ; 355 
25 ; 361 
25 ; 371 
25 ; 387 
25 ; 388 
25 ; 426 
25 ; 434 
25 ; 441 
25 ; 447 
25 ; 461 
25 ; 472 
25 ; 488 
25 ; 512 
25 ; 526 
25 ; 531 
26 ; 33 
26 ; 36 
26 ; 54 
26 ; 57 
26 ; 94 
26 ; 129 
26 ; 139 
26 ; 199 
26 ; 208 
26 ; 238 
26 ; 252 
26 ; 273 
26 ; 284 
26 ; 286 
26 ; 412 
26 ; 451 
26 ; 453 
26 ; 473 
26 ; 489 
26 ; 494 
26 ; 500 
26 ; 518 
27 ; 33 
27 ; 50 
27 ; 75 
27 ; 105 
27 ; 142 
27 ; 147 
27 ; 151 
27 ; 156 
27 ; 157 
27 ; 162 
27 ; 206 
27 ; 230 
27 ; 234 
27 ; 254 
27 ; 268 
27 ; 283 
27 ; 297 
27 ; 303 
27 ; 310 
27 ; 378 
27 ; 408 
27 ; 420 
27 ; 421 
27 ; 464 
27 ; 473 
27 ; 503 
27 ; 508 
27 ; 530 
28 ; 48 
28 ; 107 
28 ; 120 
28 ; 121 
28 ; 138 
28 ; 146 
28 ; 150 
28 ; 155 
28 ; 178 
28 ; 199 
28 ; 211 
28 ; 216 
28 ; 233 
28 ; 241 
28 ; 248 
28 ; 249 
28 ; 252 
28 ; 264 
28 ; 279 
28 ; 295 
28 ; 297 
28 ; 322 
28 ; 341 
28 ; 370 
28 ; 372 
28 ; 378 
28 ; 423 
28 ; 446 
28 ; 457 
28 ; 516 
29 ; 32 
29 ; 35 
29 ; 39 
29 ; 73 
29 ; 92 
29 ; 96 
29 ; 101 
29 ; 107 
29 ; 120 
29 ; 226 
29 ; 267 
29 ; 270 
29 ; 278 
29 ; 282 
29 ; 296 
29 ; 320 
29 ; 327 
29 ; 357 
29 ; 358 
29 ; 388 
29 ; 390 
29 ; 400 
29 ; 401 
29 ; 432 
29 ; 437 
29 ; 440 
29 ; 464 
29 ; 514 
30 ; 71 
30 ; 88 
30 ; 97 
30 ; 101 
30 ; 104 
30 ; 178 
30 ; 212 
30 ; 229 
30 ; 235 
30 ; 250 
30 ; 260 
30 ; 272 
30 ; 274 
30 ; 370 
30 ; 393 
30 ; 405 
30 ; 406 
30 ; 424 
30 ; 426 
30 ; 434 
30 ; 464 
30 ; 470 
30 ; 506 
31 ; 41 
31 ; 52 
31 ; 58 
31 ; 83 
31 ; 117 
31 ; 156 
31 ; 159 
31 ; 180 
31 ; 246 
31 ; 269 
31 ; 270 
31 ; 299 
31 ; 303 
31 ; 329 
31 ; 363 
31 ; 373 
31 ; 380 
31 ; 410 
31 ; 426 
31 ; 428 
31 ; 456 
31 ; 474 
31 ; 494 
31 ; 505 
31 ; 514 
31 ; 534 
32 ; 52 
32 ; 68 
32 ; 100 
32 ; 113 
32 ; 159 
32 ; 162 
32 ; 172 
32 ; 206 
32 ; 216 
32 ; 266 
32 ; 267 
32 ; 302 
32 ; 319 
32 ; 328 
32 ; 344 
32 ; 374 
32 ; 395 
32 ; 409 
32 ; 429 
32 ; 447 
32 ; 473 
32 ; 477 
32 ; 478 
32 ; 485 
32 ; 532 
33 ; 118 
33 ; 125 
33 ; 138 
33 ; 154 
33 ; 187 
33 ; 193 
33 ; 206 
33 ; 221 
33 ; 230 
33 ; 253 
33 ; 255 
33 ; 257 
33 ; 258 
33 ; 277 
33 ; 304 
33 ; 315 
33 ; 336 
33 ; 376 
33 ; 389 
34 ; 68 
34 ; 80 
34 ; 92 
34 ; 94 
34 ; 108 
34 ; 111 
34 ; 118 
34 ; 123 
34 ; 129 
34 ; 145 
34 ; 150 
34 ; 160 
34 ; 175 
34 ; 216 
34 ; 218 
34 ; 219 
34 ; 244 
34 ; 348 
34 ; 366 
34 ; 408 
34 ; 428 
34 ; 440 
34 ; 458 
34 ; 493 
34 ; 497 
34 ; 512 
34 ; 528 
34 ; 530 
35 ; 64 
35 ; 67 
35 ; 81 
35 ; 138 
35 ; 160 
35 ; 163 
35 ; 174 
35 ; 192 
35 ; 207 
35 ; 210 
35 ; 227 
35 ; 248 
35 ; 256 
35 ; 447 
35 ; 490 
35 ; 498 
35 ; 511 
36 ; 80 
36 ; 96 
36 ; 100 
36 ; 106 
36 ; 110 
36 ; 124 
36 ; 131 
36 ; 153 
36 ; 158 
36 ; 194 
36 ; 196 
36 ; 198 
36 ; 253 
36 ; 258 
36 ; 268 
36 ; 292 
36 ; 310 
36 ; 314 
36 ; 321 
36 ; 342 
36 ; 352 
36 ; 358 
36 ; 365 
36 ; 369 
36 ; 373 
36 ; 399 
36 ; 413 
36 ; 416 
36 ; 499 
36 ; 512 
37 ; 56 
37 ; 99 
37 ; 126 
37 ; 129 
37 ; 133 
37 ; 138 
37 ; 154 
37 ; 175 
37 ; 183 
37 ; 207 
37 ; 220 
37 ; 278 
37 ; 281 
37 ; 299 
37 ; 347 
37 ; 353 
37 ; 369 
37 ; 389 
37 ; 411 
37 ; 440 
37 ; 483 
37 ; 485 
37 ; 499 
37 ; 506 
37 ; 518 
38 ; 41 
38 ; 60 
38 ; 66 
38 ; 90 
38 ; 108 
38 ; 180 
38 ; 199 
38 ; 211 
38 ; 222 
38 ; 233 
38 ; 238 
38 ; 243 
38 ; 252 
38 ; 266 
38 ; 273 
38 ; 324 
38 ; 328 
38 ; 343 
38 ; 347 
38 ; 359 
38 ; 366 
38 ; 375 
38 ; 383 
38 ; 408 
38 ; 415 
38 ; 419 
38 ; 429 
38 ; 458 
38 ; 512 
38 ; 515 
39 ; 46 
39 ; 59 
39 ; 74 
39 ; 84 
39 ; 100 
39 ; 113 
39 ; 136 
39 ; 175 
39 ; 202 
39 ; 225 
39 ; 269 
39 ; 307 
39 ; 320 
39 ; 330 
39 ; 355 
39 ; 362 
39 ; 367 
39 ; 395 
39 ; 425 
39 ; 434 
39 ; 436 
39 ; 454 
39 ; 456 
39 ; 469 
39 ; 471 
39 ; 477 
39 ; 485 
39 ; 517 
40 ; 43 
40 ; 148 
40 ; 150 
40 ; 214 
40 ; 225 
40 ; 269 
40 ; 276 
40 ; 300 
40 ; 341 
40 ; 370 
40 ; 421 
40 ; 441 
40 ; 455 
40 ; 466 
40 ; 484 
40 ; 490 
40 ; 495 
41 ; 79 
41 ; 100 
41 ; 119 
41 ; 174 
41 ; 176 
41 ; 191 
41 ; 226 
41 ; 232 
41 ; 246 
41 ; 292 
41 ; 305 
41 ; 314 
41 ; 320 
41 ; 331 
41 ; 374 
41 ; 387 
41 ; 399 
41 ; 405 
41 ; 407 
41 ; 410 
41 ; 414 
41 ; 447 
41 ; 448 
41 ; 458 
41 ; 460 
41 ; 492 
41 ; 518 
41 ; 521 
42 ; 97 
42 ; 113 
42 ; 148 
42 ; 155 
42 ; 194 
42 ; 236 
42 ; 241 
42 ; 300 
42 ; 304 
42 ; 319 
42 ; 321 
42 ; 323 
42 ; 418 
42 ; 472 
43 ; 69 
43 ; 82 
43 ; 100 
43 ; 125 
43 ; 132 
43 ; 157 
43 ; 191 
43 ; 210 
43 ; 220 
43 ; 223 
43 ; 239 
43 ; 240 
43 ; 280 
43 ; 309 
43 ; 319 
43 ; 326 
43 ; 351 
43 ; 377 
43 ; 397 
43 ; 398 
43 ; 409 
43 ; 421 
43 ; 431 
43 ; 451 
43 ; 493 
43 ; 506 
43 ; 507 
43 ; 510 
44 ; 81 
44 ; 98 
44 ; 99 
44 ; 119 
44 ; 147 
44 ; 152 
44 ; 162 
44 ; 173 
44 ; 190 
44 ; 205 
44 ; 207 
44 ; 237 
44 ; 242 
44 ; 252 
44 ; 262 
44 ; 267 
44 ; 296 
44 ; 298 
44 ; 332 
44 ; 366 
44 ; 386 
44 ; 412 
44 ; 417 
44 ; 465 
44 ; 478 
44 ; 502 
44 ; 531 
45 ; 65 
45 ; 76 
45 ; 79 
45 ; 95 
45 ; 112 
45 ; 122 
45 ; 130 
45 ; 143 
45 ; 148 
45 ; 153 
45 ; 157 
45 ; 163 
45 ; 164 
45 ; 167 
45 ; 175 
45 ; 179 
45 ; 201 
45 ; 204 
45 ; 255 
45 ; 262 
45 ; 351 
45 ; 368 
45 ; 373 
45 ; 379 
45 ; 383 
45 ; 385 
45 ; 405 
45 ; 413 
45 ; 431 
45 ; 439 
45 ; 472 
45 ; 487 
45 ; 490 
45 ; 498 
45 ; 507 
45 ; 525 
46 ; 56 
46 ; 67 
46 ; 80 
46 ; 115 
46 ; 118 
46 ; 132 
46 ; 151 
46 ; 176 
46 ; 239 
46 ; 240 
46 ; 244 
46 ; 293 
46 ; 335 
46 ; 337 
46 ; 353 
46 ; 357 
46 ; 358 
46 ; 362 
46 ; 380 
46 ; 391 
46 ; 395 
46 ; 416 
46 ; 427 
46 ; 429 
47 ; 69 
47 ; 152 
47 ; 159 
47 ; 201 
47 ; 225 
47 ; 249 
47 ; 263 
47 ; 279 
47 ; 283 
47 ; 299 
47 ; 307 
47 ; 329 
47 ; 333 
47 ; 376 
47 ; 388 
47 ; 454 
47 ; 471 
47 ; 474 
47 ; 499 
47 ; 521 
47 ; 533 
48 ; 78 
48 ; 109 
48 ; 135 
48 ; 138 
48 ; 149 
48 ; 154 
48 ; 162 
48 ; 177 
48 ; 184 
48 ; 197 
48 ; 232 
48 ; 249 
48 ; 260 
48 ; 267 
48 ; 281 
48 ; 287 
48 ; 358 
48 ; 391 
48 ; 392 
48 ; 395 
48 ; 408 
48 ; 412 
48 ; 413 
48 ; 432 
48 ; 442 
48 ; 443 
48 ; 483 
48 ; 494 
48 ; 511 
48 ; 533 
49 ; 68 
49 ; 69 
49 ; 79 
49 ; 89 
49 ; 92 
49 ; 137 
49 ; 141 
49 ; 153 
49 ; 175 
49 ; 233 
49 ; 312 
49 ; 353 
49 ; 397 
49 ; 427 
49 ; 450 
49 ; 459 
49 ; 483 
49 ; 488 
49 ; 490 
49 ; 497 
49 ; 501 
49 ; 509 
49 ; 531 
50 ; 98 
50 ; 99 
50 ; 107 
50 ; 131 
50 ; 137 
50 ; 150 
50 ; 183 
50 ; 189 
50 ; 200 
50 ; 206 
50 ; 207 
50 ; 247 
50 ; 253 
50 ; 264 
50 ; 266 
50 ; 281 
50 ; 332 
50 ; 333 
50 ; 335 
50 ; 336 
50 ; 353 
50 ; 355 
50 ; 364 
50 ; 387 
50 ; 398 
50 ; 400 
50 ; 450 
50 ; 451 
50 ; 461 
51 ; 85 
51 ; 103 
51 ; 105 
51 ; 126 
51 ; 137 
51 ; 148 
51 ; 158 
51 ; 190 
51 ; 202 
51 ; 204 
51 ; 216 
51 ; 274 
51 ; 276 
51 ; 302 
51 ; 310 
51 ; 345 
51 ; 347 
51 ; 348 
51 ; 351 
51 ; 353 
51 ; 392 
51 ; 468 
51 ; 476 
51 ; 496 
51 ; 499 
51 ; 511 
51 ; 529 
52 ; 89 
52 ; 129 
52 ; 153 
52 ; 172 
52 ; 227 
52 ; 231 
52 ; 237 
52 ; 252 
52 ; 268 
52 ; 274 
52 ; 293 
52 ; 300 
52 ; 340 
52 ; 342 
52 ; 344 
52 ; 390 
52 ; 402 
52 ; 422 
52 ; 432 
52 ; 444 
52 ; 457 
52 ; 466 
52 ; 484 
52 ; 486 
52 ; 503 
52 ; 512 
52 ; 534 
53 ; 104 
53 ; 112 
53 ; 115 
53 ; 134 
53 ; 159 
53 ; 177 
53 ; 213 
53 ; 217 
53 ; 275 
53 ; 320 
53 ; 323 
53 ; 359 
53 ; 368 
53 ; 390 
53 ; 400 
53 ; 407 
53 ; 430 
53 ; 436 
53 ; 472 
53 ; 477 
53 ; 500 
53 ; 531 
54 ; 66 
54 ; 99 
54 ; 124 
54 ; 137 
54 ; 157 
54 ; 160 
54 ; 180 
54 ; 218 
54 ; 223 
54 ; 229 
54 ; 250 
54 ; 261 
54 ; 266 
54 ; 271 
54 ; 300 
54 ; 315 
54 ; 348 
54 ; 359 
54 ; 379 
54 ; 381 
54 ; 395 
54 ; 399 
54 ; 400 
54 ; 417 
54 ; 423 
54 ; 425 
54 ; 428 
54 ; 465 
54 ; 476 
54 ; 510 
55 ; 102 
55 ; 104 
55 ; 159 
55 ; 170 
55 ; 173 
55 ; 200 
55 ; 215 
55 ; 292 
55 ; 294 
55 ; 306 
55 ; 311 
55 ; 317 
55 ; 355 
55 ; 370 
55 ; 381 
55 ; 437 
55 ; 449 
55 ; 486 
56 ; 151 
56 ; 180 
56 ; 196 
56 ; 204 
56 ; 209 
56 ; 250 
56 ; 272 
56 ; 283 
56 ; 316 
56 ; 318 
56 ; 362 
56 ; 367 
56 ; 378 
56 ; 404 
56 ; 485 
56 ; 487 
56 ; 532 
57 ; 91 
57 ; 110 
57 ; 116 
57 ; 140 
57 ; 142 
57 ; 170 
57 ; 175 
57 ; 221 
57 ; 225 
57 ; 226 
57 ; 239 
57 ; 245 
57 ; 261 
57 ; 266 
57 ; 275 
57 ; 279 
57 ; 289 
57 ; 364 
57 ; 383 
57 ; 386 
57 ; 391 
57 ; 392 
57 ; 409 
57 ; 421 
57 ; 440 
57 ; 443 
57 ; 470 
57 ; 485 
57 ; 509 
58 ; 137 
58 ; 153 
58 ; 164 
58 ; 207 
58 ; 226 
58 ; 236 
58 ; 276 
58 ; 305 
58 ; 333 
58 ; 343 
58 ; 361 
58 ; 369 
58 ; 399 
58 ; 454 
58 ; 470 
58 ; 496 
58 ; 510 
59 ; 70 
59 ; 76 
59 ; 101 
59 ; 108 
59 ; 181 
59 ; 190 
59 ; 199 
59 ; 270 
59 ; 276 
59 ; 296 
59 ; 309 
59 ; 382 
59 ; 384 
59 ; 415 
59 ; 435 
59 ; 466 
59 ; 468 
59 ; 471 
59 ; 472 
59 ; 487 
59 ; 488 
59 ; 506 
59 ; 509 
60 ; 93 
60 ; 119 
60 ; 135 
60 ; 136 
60 ; 193 
60 ; 203 
60 ; 225 
60 ; 240 
60 ; 241 
60 ; 248 
60 ; 252 
60 ; 260 
60 ; 265 
60 ; 282 
60 ; 312 
60 ; 342 
60 ; 362 
60 ; 364 
60 ; 405 
60 ; 406 
60 ; 422 
60 ; 423 
60 ; 430 
60 ; 436 
60 ; 466 
60 ; 512 
60 ; 522 
60 ; 529 
61 ; 85 
61 ; 90 
61 ; 118 
61 ; 178 
61 ; 205 
61 ; 213 
61 ; 233 
61 ; 250 
61 ; 251 
61 ; 267 
61 ; 275 
61 ; 276 
61 ; 280 
61 ; 289 
61 ; 313 
61 ; 318 
61 ; 324 
61 ; 367 
61 ; 373 
61 ; 407 
61 ; 411 
61 ; 427 
61 ; 442 
61 ; 447 
61 ; 448 
61 ; 454 
61 ; 478 
61 ; 520 
62 ; 72 
62 ; 82 
62 ; 92 
62 ; 113 
62 ; 123 
62 ; 145 
62 ; 160 
62 ; 167 
62 ; 201 
62 ; 205 
62 ; 218 
62 ; 225 
62 ; 253 
62 ; 302 
62 ; 314 
62 ; 322 
62 ; 335 
62 ; 354 
62 ; 402 
62 ; 407 
62 ; 409 
62 ; 457 
62 ; 475 
62 ; 477 
62 ; 497 
62 ; 513 
63 ; 81 
63 ; 94 
63 ; 105 
63 ; 123 
63 ; 135 
63 ; 140 
63 ; 143 
63 ; 163 
63 ; 186 
63 ; 206 
63 ; 215 
63 ; 223 
63 ; 237 
63 ; 243 
63 ; 253 
63 ; 258 
63 ; 275 
63 ; 285 
63 ; 289 
63 ; 300 
63 ; 315 
63 ; 342 
63 ; 383 
63 ; 388 
63 ; 392 
63 ; 401 
63 ; 435 
63 ; 438 
63 ; 464 
63 ; 496 
63 ; 517 
64 ; 74 
64 ; 88 
64 ; 114 
64 ; 116 
64 ; 131 
64 ; 133 
64 ; 147 
64 ; 210 
64 ; 214 
64 ; 216 
64 ; 249 
64 ; 303 
64 ; 347 
64 ; 374 
64 ; 386 
64 ; 409 
64 ; 415 
64 ; 424 
64 ; 441 
64 ; 447 
64 ; 467 
64 ; 484 
64 ; 495 
64 ; 521 
65 ; 79 
65 ; 100 
65 ; 115 
65 ; 123 
65 ; 133 
65 ; 145 
65 ; 175 
65 ; 182 
65 ; 213 
65 ; 265 
65 ; 286 
65 ; 287 
65 ; 304 
65 ; 365 
65 ; 374 
65 ; 384 
65 ; 388 
65 ; 399 
65 ; 500 
65 ; 510 
66 ; 80 
66 ; 101 
66 ; 120 
66 ; 218 
66 ; 222 
66 ; 258 
66 ; 304 
66 ; 307 
66 ; 310 
66 ; 332 
66 ; 352 
66 ; 368 
66 ; 376 
66 ; 404 
66 ; 405 
66 ; 431 
66 ; 437 
66 ; 457 
66 ; 488 
66 ; 498 
66 ; 509 
66 ; 531 
67 ; 132 
67 ; 141 
67 ; 151 
67 ; 153 
67 ; 177 
67 ; 179 
67 ; 187 
67 ; 212 
67 ; 303 
67 ; 307 
67 ; 342 
67 ; 381 
67 ; 383 
67 ; 392 
67 ; 432 
67 ; 438 
67 ; 486 
67 ; 531 
68 ; 75 
68 ; 104 
68 ; 106 
68 ; 118 
68 ; 155 
68 ; 157 
68 ; 162 
68 ; 185 
68 ; 199 
68 ; 204 
68 ; 235 
68 ; 305 
68 ; 317 
68 ; 322 
68 ; 329 
68 ; 340 
68 ; 364 
68 ; 403 
68 ; 409 
68 ; 454 
68 ; 459 
68 ; 464 
68 ; 475 
69 ; 131 
69 ; 162 
69 ; 168 
69 ; 172 
69 ; 206 
69 ; 208 
69 ; 223 
69 ; 224 
69 ; 250 
69 ; 336 
69 ; 357 
69 ; 464 
69 ; 465 
69 ; 470 
69 ; 497 
69 ; 505 
69 ; 511 
70 ; 98 
70 ; 99 
70 ; 110 
70 ; 113 
70 ; 127 
70 ; 136 
70 ; 141 
70 ; 144 
70 ; 150 
70 ; 156 
70 ; 160 
70 ; 184 
70 ; 210 
70 ; 218 
70 ; 233 
70 ; 245 
70 ; 272 
70 ; 286 
70 ; 301 
70 ; 304 
70 ; 342 
70 ; 344 
70 ; 348 
70 ; 364 
70 ; 416 
70 ; 438 
70 ; 470 
70 ; 479 
70 ; 482 
71 ; 90 
71 ; 100 
71 ; 107 
71 ; 131 
71 ; 136 
71 ; 142 
71 ; 150 
71 ; 201 
71 ; 247 
71 ; 267 
71 ; 269 
71 ; 270 
71 ; 275 
71 ; 280 
71 ; 310 
71 ; 336 
71 ; 344 
71 ; 368 
71 ; 376 
71 ; 381 
71 ; 398 
71 ; 432 
71 ; 450 
71 ; 471 
71 ; 476 
71 ; 512 
72 ; 93 
72 ; 102 
72 ; 145 
72 ; 160 
72 ; 187 
72 ; 253 
72 ; 301 
72 ; 320 
72 ; 330 
72 ; 337 
72 ; 342 
72 ; 353 
72 ; 418 
72 ; 461 
73 ; 83 
73 ; 106 
73 ; 110 
73 ; 118 
73 ; 149 
73 ; 155 
73 ; 177 
73 ; 195 
73 ; 202 
73 ; 269 
73 ; 323 
73 ; 337 
73 ; 341 
73 ; 345 
73 ; 398 
73 ; 403 
73 ; 410 
73 ; 412 
73 ; 418 
73 ; 455 
74 ; 75 
74 ; 85 
74 ; 96 
74 ; 99 
74 ; 104 
74 ; 109 
74 ; 115 
74 ; 116 
74 ; 128 
74 ; 168 
74 ; 174 
74 ; 185 
74 ; 191 
74 ; 197 
74 ; 205 
74 ; 242 
74 ; 259 
74 ; 271 
74 ; 289 
74 ; 319 
74 ; 345 
74 ; 347 
74 ; 411 
74 ; 418 
74 ; 429 
74 ; 432 
74 ; 448 
74 ; 449 
74 ; 478 
74 ; 501 
74 ; 511 
75 ; 118 
75 ; 127 
75 ; 131 
75 ; 133 
75 ; 158 
75 ; 168 
75 ; 174 
75 ; 194 
75 ; 250 
75 ; 260 
75 ; 263 
75 ; 304 
75 ; 385 
75 ; 387 
75 ; 389 
75 ; 405 
75 ; 419 
75 ; 435 
75 ; 450 
75 ; 459 
75 ; 460 
75 ; 461 
75 ; 483 
75 ; 503 
75 ; 509 
75 ; 512 
76 ; 116 
76 ; 133 
76 ; 164 
76 ; 203 
76 ; 218 
76 ; 247 
76 ; 304 
76 ; 337 
76 ; 346 
76 ; 379 
76 ; 402 
76 ; 415 
76 ; 416 
76 ; 441 
76 ; 508 
77 ; 102 
77 ; 123 
77 ; 140 
77 ; 153 
77 ; 170 
77 ; 190 
77 ; 197 
77 ; 222 
77 ; 247 
77 ; 251 
77 ; 265 
77 ; 266 
77 ; 274 
77 ; 329 
77 ; 367 
77 ; 387 
77 ; 405 
77 ; 409 
77 ; 477 
77 ; 492 
77 ; 493 
78 ; 159 
78 ; 160 
78 ; 181 
78 ; 190 
78 ; 194 
78 ; 218 
78 ; 315 
78 ; 316 
78 ; 354 
78 ; 356 
78 ; 383 
78 ; 480 
78 ; 495 
79 ; 92 
79 ; 112 
79 ; 155 
79 ; 157 
79 ; 179 
79 ; 183 
79 ; 193 
79 ; 241 
79 ; 285 
79 ; 307 
79 ; 313 
79 ; 314 
79 ; 333 
79 ; 394 
79 ; 404 
79 ; 481 
79 ; 482 
79 ; 485 
80 ; 94 
80 ; 97 
80 ; 139 
80 ; 169 
80 ; 170 
80 ; 191 
80 ; 204 
80 ; 210 
80 ; 257 
80 ; 262 
80 ; 264 
80 ; 266 
80 ; 317 
80 ; 353 
80 ; 364 
80 ; 388 
80 ; 408 
80 ; 413 
80 ; 460 
80 ; 509 
81 ; 91 
81 ; 94 
81 ; 148 
81 ; 212 
81 ; 219 
81 ; 224 
81 ; 225 
81 ; 226 
81 ; 288 
81 ; 303 
81 ; 306 
81 ; 323 
81 ; 335 
81 ; 404 
81 ; 443 
81 ; 448 
81 ; 460 
81 ; 478 
81 ; 494 
81 ; 501 
81 ; 532 
82 ; 93 
82 ; 97 
82 ; 169 
82 ; 175 
82 ; 187 
82 ; 190 
82 ; 193 
82 ; 197 
82 ; 205 
82 ; 251 
82 ; 262 
82 ; 267 
82 ; 283 
82 ; 284 
82 ; 291 
82 ; 293 
82 ; 334 
82 ; 337 
82 ; 396 
82 ; 422 
82 ; 444 
82 ; 495 
82 ; 497 
83 ; 156 
83 ; 172 
83 ; 177 
83 ; 207 
83 ; 230 
83 ; 232 
83 ; 270 
83 ; 288 
83 ; 289 
83 ; 342 
83 ; 346 
83 ; 386 
83 ; 407 
83 ; 424 
83 ; 479 
83 ; 484 
83 ; 493 
83 ; 494 
83 ; 495 
83 ; 521 
83 ; 530 
84 ; 97 
84 ; 100 
84 ; 107 
84 ; 185 
84 ; 196 
84 ; 221 
84 ; 222 
84 ; 244 
84 ; 247 
84 ; 267 
84 ; 278 
84 ; 296 
84 ; 324 
84 ; 388 
84 ; 392 
84 ; 411 
84 ; 427 
84 ; 483 
84 ; 503 
84 ; 516 
84 ; 527 
85 ; 100 
85 ; 110 
85 ; 115 
85 ; 119 
85 ; 132 
85 ; 136 
85 ; 161 
85 ; 245 
85 ; 249 
85 ; 280 
85 ; 283 
85 ; 335 
85 ; 347 
85 ; 372 
85 ; 383 
85 ; 400 
85 ; 425 
85 ; 437 
85 ; 500 
85 ; 516 
85 ; 529 
86 ; 107 
86 ; 134 
86 ; 154 
86 ; 166 
86 ; 168 
86 ; 192 
86 ; 197 
86 ; 326 
86 ; 346 
86 ; 347 
86 ; 380 
86 ; 385 
86 ; 433 
86 ; 452 
86 ; 460 
86 ; 464 
86 ; 471 
86 ; 472 
86 ; 474 
86 ; 483 
86 ; 504 
87 ; 89 
87 ; 92 
87 ; 156 
87 ; 160 
87 ; 165 
87 ; 210 
87 ; 225 
87 ; 260 
87 ; 289 
87 ; 303 
87 ; 337 
87 ; 373 
87 ; 376 
87 ; 387 
87 ; 417 
87 ; 422 
87 ; 432 
87 ; 433 
87 ; 439 
87 ; 461 
87 ; 499 
87 ; 505 
87 ; 507 
87 ; 530 
88 ; 99 
88 ; 110 
88 ; 121 
88 ; 154 
88 ; 163 
88 ; 194 
88 ; 200 
88 ; 216 
88 ; 227 
88 ; 253 
88 ; 257 
88 ; 259 
88 ; 277 
88 ; 289 
88 ; 293 
88 ; 296 
88 ; 297 
88 ; 336 
88 ; 380 
88 ; 382 
88 ; 385 
88 ; 411 
88 ; 412 
88 ; 415 
88 ; 441 
88 ; 446 
88 ; 476 
88 ; 481 
88 ; 490 
88 ; 514 
88 ; 525 
88 ; 529 
89 ; 97 
89 ; 117 
89 ; 143 
89 ; 169 
89 ; 172 
89 ; 197 
89 ; 200 
89 ; 202 
89 ; 221 
89 ; 223 
89 ; 260 
89 ; 289 
89 ; 305 
89 ; 355 
89 ; 373 
89 ; 393 
89 ; 467 
89 ; 479 
89 ; 504 
89 ; 515 
90 ; 112 
90 ; 135 
90 ; 163 
90 ; 170 
90 ; 174 
90 ; 177 
90 ; 237 
90 ; 239 
90 ; 249 
90 ; 277 
90 ; 289 
90 ; 323 
90 ; 327 
90 ; 350 
90 ; 363 
90 ; 392 
90 ; 397 
90 ; 444 
90 ; 450 
90 ; 476 
90 ; 480 
90 ; 516 
90 ; 529 
91 ; 95 
91 ; 124 
91 ; 131 
91 ; 149 
91 ; 151 
91 ; 152 
91 ; 181 
91 ; 192 
91 ; 197 
91 ; 204 
91 ; 239 
91 ; 247 
91 ; 283 
91 ; 289 
91 ; 302 
91 ; 340 
91 ; 351 
91 ; 354 
91 ; 357 
91 ; 379 
91 ; 412 
91 ; 456 
91 ; 459 
91 ; 468 
91 ; 474 
91 ; 479 
91 ; 482 
91 ; 501 
91 ; 519 
92 ; 96 
92 ; 108 
92 ; 125 
92 ; 161 
92 ; 184 
92 ; 216 
92 ; 243 
92 ; 316 
92 ; 384 
92 ; 385 
92 ; 400 
92 ; 437 
92 ; 455 
92 ; 516 
93 ; 122 
93 ; 127 
93 ; 128 
93 ; 142 
93 ; 157 
93 ; 199 
93 ; 225 
93 ; 251 
93 ; 252 
93 ; 309 
93 ; 414 
93 ; 418 
93 ; 454 
93 ; 496 
93 ; 515 
93 ; 521 
93 ; 529 
94 ; 102 
94 ; 155 
94 ; 163 
94 ; 226 
94 ; 347 
94 ; 363 
94 ; 364 
94 ; 406 
94 ; 411 
94 ; 414 
94 ; 460 
94 ; 481 
94 ; 488 
94 ; 501 
94 ; 509 
95 ; 115 
95 ; 116 
95 ; 132 
95 ; 184 
95 ; 190 
95 ; 229 
95 ; 281 
95 ; 293 
95 ; 299 
95 ; 308 
95 ; 312 
95 ; 321 
95 ; 326 
95 ; 338 
95 ; 367 
95 ; 404 
95 ; 421 
95 ; 457 
95 ; 517 
95 ; 522 
96 ; 129 
96 ; 152 
96 ; 171 
96 ; 195 
96 ; 204 
96 ; 235 
96 ; 238 
96 ; 269 
96 ; 284 
96 ; 306 
96 ; 312 
96 ; 314 
96 ; 336 
96 ; 337 
96 ; 413 
96 ; 443 
96 ; 494 
96 ; 506 
96 ; 510 
96 ; 523 
97 ; 118 
97 ; 156 
97 ; 205 
97 ; 213 
97 ; 219 
97 ; 226 
97 ; 247 
97 ; 270 
97 ; 276 
97 ; 295 
97 ; 304 
97 ; 315 
97 ; 316 
97 ; 338 
97 ; 359 
97 ; 379 
97 ; 389 
97 ; 398 
97 ; 433 
97 ; 446 
97 ; 494 
97 ; 505 
97 ; 517 
98 ; 134 
98 ; 136 
98 ; 176 
98 ; 193 
98 ; 194 
98 ; 218 
98 ; 220 
98 ; 224 
98 ; 268 
98 ; 291 
98 ; 318 
98 ; 332 
98 ; 339 
98 ; 373 
98 ; 374 
98 ; 404 
98 ; 431 
98 ; 446 
98 ; 449 
98 ; 462 
98 ; 469 
98 ; 471 
98 ; 490 
98 ; 503 
98 ; 530 
98 ; 534 
99 ; 113 
99 ; 130 
99 ; 165 
99 ; 239 
99 ; 254 
99 ; 272 
99 ; 296 
99 ; 303 
99 ; 305 
99 ; 314 
99 ; 354 
99 ; 356 
99 ; 361 
99 ; 366 
99 ; 410 
99 ; 455 
99 ; 484 
99 ; 504 
100 ; 101 
100 ; 129 
100 ; 144 
100 ; 154 
100 ; 157 
100 ; 173 
100 ; 180 
100 ; 195 
100 ; 200 
100 ; 232 
100 ; 267 
100 ; 283 
100 ; 284 
100 ; 293 
100 ; 333 
100 ; 339 
100 ; 350 
100 ; 362 
100 ; 368 
100 ; 369 
100 ; 392 
100 ; 433 
100 ; 504 
100 ; 506 
101 ; 128 
101 ; 139 
101 ; 140 
101 ; 144 
101 ; 145 
101 ; 150 
101 ; 162 
101 ; 189 
101 ; 202 
101 ; 203 
101 ; 208 
101 ; 226 
101 ; 246 
101 ; 249 
101 ; 292 
101 ; 310 
101 ; 326 
101 ; 338 
101 ; 343 
101 ; 376 
101 ; 421 
101 ; 468 
101 ; 475 
101 ; 480 
101 ; 515 
101 ; 521 
101 ; 525 
101 ; 533 
102 ; 135 
102 ; 144 
102 ; 145 
102 ; 146 
102 ; 216 
102 ; 247 
102 ; 248 
102 ; 249 
102 ; 290 
102 ; 291 
102 ; 301 
102 ; 306 
102 ; 330 
102 ; 334 
102 ; 376 
102 ; 395 
102 ; 449 
102 ; 465 
102 ; 521 
103 ; 108 
103 ; 134 
103 ; 195 
103 ; 200 
103 ; 201 
103 ; 241 
103 ; 257 
103 ; 267 
103 ; 271 
103 ; 287 
103 ; 314 
103 ; 321 
103 ; 337 
103 ; 339 
103 ; 347 
103 ; 386 
103 ; 404 
103 ; 430 
103 ; 436 
103 ; 471 
103 ; 516 
103 ; 529 
104 ; 116 
104 ; 120 
104 ; 129 
104 ; 141 
104 ; 143 
104 ; 170 
104 ; 177 
104 ; 181 
104 ; 182 
104 ; 197 
104 ; 205 
104 ; 213 
104 ; 214 
104 ; 237 
104 ; 247 
104 ; 249 
104 ; 270 
104 ; 296 
104 ; 361 
104 ; 376 
104 ; 381 
104 ; 393 
104 ; 396 
104 ; 418 
104 ; 423 
104 ; 435 
104 ; 441 
104 ; 505 
104 ; 533 
105 ; 107 
105 ; 144 
105 ; 196 
105 ; 204 
105 ; 216 
105 ; 283 
105 ; 296 
105 ; 298 
105 ; 304 
105 ; 313 
105 ; 384 
105 ; 398 
105 ; 403 
105 ; 411 
105 ; 438 
105 ; 471 
105 ; 509 
106 ; 113 
106 ; 135 
106 ; 162 
106 ; 163 
106 ; 166 
106 ; 185 
106 ; 206 
106 ; 219 
106 ; 241 
106 ; 251 
106 ; 255 
106 ; 257 
106 ; 294 
106 ; 315 
106 ; 325 
106 ; 330 
106 ; 337 
106 ; 344 
106 ; 347 
106 ; 360 
106 ; 372 
106 ; 466 
106 ; 499 
106 ; 503 
106 ; 513 
106 ; 527 
107 ; 151 
107 ; 152 
107 ; 168 
107 ; 179 
107 ; 199 
107 ; 241 
107 ; 306 
107 ; 313 
107 ; 318 
107 ; 370 
107 ; 382 
107 ; 392 
107 ; 399 
107 ; 424 
107 ; 452 
107 ; 463 
107 ; 469 
107 ; 481 
107 ; 500 
107 ; 534 
108 ; 112 
108 ; 132 
108 ; 173 
108 ; 177 
108 ; 186 
108 ; 191 
108 ; 217 
108 ; 247 
108 ; 260 
108 ; 303 
108 ; 321 
108 ; 325 
108 ; 387 
108 ; 392 
108 ; 403 
108 ; 446 
108 ; 453 
108 ; 467 
108 ; 516 
108 ; 520 
108 ; 528 
109 ; 113 
109 ; 165 
109 ; 202 
109 ; 208 
109 ; 218 
109 ; 253 
109 ; 263 
109 ; 272 
109 ; 306 
109 ; 317 
109 ; 341 
109 ; 344 
109 ; 381 
109 ; 393 
109 ; 407 
109 ; 412 
109 ; 438 
109 ; 467 
109 ; 483 
110 ; 144 
110 ; 185 
110 ; 235 
110 ; 267 
110 ; 275 
110 ; 300 
110 ; 315 
110 ; 325 
110 ; 391 
110 ; 392 
110 ; 403 
110 ; 409 
110 ; 458 
110 ; 483 
110 ; 484 
110 ; 505 
110 ; 515 
110 ; 531 
111 ; 115 
111 ; 139 
111 ; 145 
111 ; 149 
111 ; 151 
111 ; 167 
111 ; 175 
111 ; 229 
111 ; 235 
111 ; 271 
111 ; 295 
111 ; 305 
111 ; 333 
111 ; 340 
111 ; 341 
111 ; 342 
111 ; 385 
111 ; 386 
111 ; 389 
111 ; 404 
111 ; 427 
111 ; 437 
111 ; 452 
111 ; 519 
112 ; 125 
112 ; 140 
112 ; 220 
112 ; 240 
112 ; 243 
112 ; 269 
112 ; 273 
112 ; 321 
112 ; 334 
112 ; 342 
112 ; 440 
112 ; 442 
112 ; 450 
112 ; 463 
112 ; 484 
112 ; 509 
112 ; 523 
113 ; 115 
113 ; 119 
113 ; 132 
113 ; 148 
113 ; 149 
113 ; 163 
113 ; 174 
113 ; 199 
113 ; 200 
113 ; 223 
113 ; 229 
113 ; 254 
113 ; 277 
113 ; 279 
113 ; 306 
113 ; 336 
113 ; 352 
113 ; 365 
113 ; 404 
113 ; 447 
113 ; 456 
113 ; 467 
113 ; 494 
113 ; 519 
114 ; 138 
114 ; 148 
114 ; 172 
114 ; 194 
114 ; 226 
114 ; 269 
114 ; 325 
114 ; 328 
114 ; 340 
114 ; 346 
114 ; 387 
114 ; 417 
114 ; 420 
114 ; 427 
114 ; 445 
114 ; 449 
114 ; 454 
114 ; 455 
114 ; 469 
114 ; 473 
114 ; 498 
114 ; 507 
115 ; 121 
115 ; 137 
115 ; 144 
115 ; 149 
115 ; 173 
115 ; 188 
115 ; 258 
115 ; 277 
115 ; 327 
115 ; 332 
115 ; 359 
115 ; 379 
115 ; 389 
115 ; 407 
115 ; 408 
115 ; 427 
115 ; 467 
115 ; 485 
115 ; 488 
115 ; 492 
115 ; 500 
116 ; 152 
116 ; 160 
116 ; 177 
116 ; 180 
116 ; 187 
116 ; 191 
116 ; 204 
116 ; 210 
116 ; 212 
116 ; 217 
116 ; 226 
116 ; 251 
116 ; 266 
116 ; 305 
116 ; 324 
116 ; 331 
116 ; 364 
116 ; 381 
116 ; 382 
116 ; 406 
116 ; 422 
116 ; 448 
116 ; 456 
116 ; 460 
116 ; 463 
116 ; 472 
116 ; 487 
117 ; 147 
117 ; 168 
117 ; 177 
117 ; 179 
117 ; 186 
117 ; 197 
117 ; 199 
117 ; 202 
117 ; 203 
117 ; 219 
117 ; 249 
117 ; 277 
117 ; 308 
117 ; 348 
117 ; 351 
117 ; 378 
117 ; 393 
117 ; 413 
117 ; 414 
117 ; 441 
117 ; 462 
117 ; 477 
117 ; 499 
117 ; 514 
117 ; 532 
118 ; 161 
118 ; 174 
118 ; 194 
118 ; 203 
118 ; 207 
118 ; 212 
118 ; 230 
118 ; 234 
118 ; 249 
118 ; 284 
118 ; 285 
118 ; 303 
118 ; 338 
118 ; 358 
118 ; 388 
118 ; 394 
118 ; 397 
118 ; 408 
118 ; 411 
118 ; 461 
118 ; 509 
118 ; 534 
119 ; 128 
119 ; 138 
119 ; 152 
119 ; 160 
119 ; 201 
119 ; 244 
119 ; 256 
119 ; 259 
119 ; 278 
119 ; 326 
119 ; 329 
119 ; 349 
119 ; 357 
119 ; 359 
119 ; 442 
119 ; 476 
119 ; 515 
120 ; 131 
120 ; 134 
120 ; 154 
120 ; 158 
120 ; 169 
120 ; 203 
120 ; 210 
120 ; 216 
120 ; 220 
120 ; 234 
120 ; 242 
120 ; 244 
120 ; 245 
120 ; 248 
120 ; 252 
120 ; 275 
120 ; 316 
120 ; 337 
120 ; 343 
120 ; 360 
120 ; 372 
120 ; 381 
120 ; 452 
120 ; 495 
120 ; 511 
120 ; 529 
121 ; 122 
121 ; 124 
121 ; 148 
121 ; 155 
121 ; 173 
121 ; 259 
121 ; 279 
121 ; 293 
121 ; 344 
121 ; 357 
121 ; 361 
121 ; 427 
121 ; 441 
121 ; 463 
121 ; 473 
121 ; 476 
122 ; 133 
122 ; 154 
122 ; 213 
122 ; 219 
122 ; 292 
122 ; 318 
122 ; 354 
122 ; 358 
122 ; 389 
122 ; 396 
122 ; 399 
122 ; 401 
122 ; 402 
122 ; 422 
122 ; 452 
122 ; 455 
122 ; 456 
122 ; 479 
122 ; 490 
122 ; 503 
122 ; 526 
123 ; 131 
123 ; 132 
123 ; 135 
123 ; 162 
123 ; 193 
123 ; 201 
123 ; 212 
123 ; 242 
123 ; 254 
123 ; 267 
123 ; 284 
123 ; 293 
123 ; 340 
123 ; 342 
123 ; 357 
123 ; 376 
123 ; 381 
123 ; 398 
123 ; 439 
123 ; 442 
123 ; 512 
124 ; 148 
124 ; 156 
124 ; 174 
124 ; 189 
124 ; 221 
124 ; 222 
124 ; 235 
124 ; 293 
124 ; 305 
124 ; 343 
124 ; 364 
124 ; 390 
124 ; 398 
124 ; 434 
124 ; 444 
124 ; 448 
124 ; 457 
124 ; 487 
124 ; 507 
124 ; 533 
125 ; 137 
125 ; 142 
125 ; 164 
125 ; 211 
125 ; 233 
125 ; 237 
125 ; 241 
125 ; 263 
125 ; 294 
125 ; 314 
125 ; 330 
125 ; 366 
125 ; 379 
125 ; 385 
125 ; 390 
125 ; 407 
125 ; 455 
125 ; 459 
125 ; 476 
125 ; 489 
125 ; 524 
126 ; 144 
126 ; 149 
126 ; 152 
126 ; 159 
126 ; 175 
126 ; 187 
126 ; 228 
126 ; 229 
126 ; 247 
126 ; 252 
126 ; 256 
126 ; 265 
126 ; 300 
126 ; 317 
126 ; 330 
126 ; 338 
126 ; 352 
126 ; 353 
126 ; 358 
126 ; 387 
126 ; 411 
126 ; 416 
126 ; 420 
126 ; 445 
126 ; 496 
126 ; 531 
127 ; 144 
127 ; 147 
127 ; 158 
127 ; 164 
127 ; 242 
127 ; 245 
127 ; 254 
127 ; 258 
127 ; 259 
127 ; 260 
127 ; 269 
127 ; 313 
127 ; 359 
127 ; 385 
127 ; 392 
127 ; 395 
127 ; 400 
127 ; 472 
127 ; 474 
127 ; 493 
127 ; 503 
127 ; 515 
128 ; 146 
128 ; 161 
128 ; 173 
128 ; 184 
128 ; 196 
128 ; 197 
128 ; 229 
128 ; 246 
128 ; 252 
128 ; 258 
128 ; 287 
128 ; 291 
128 ; 301 
128 ; 344 
128 ; 379 
128 ; 396 
128 ; 416 
128 ; 425 
128 ; 429 
128 ; 438 
128 ; 445 
128 ; 446 
128 ; 454 
128 ; 478 
128 ; 482 
128 ; 486 
128 ; 503 
128 ; 522 
129 ; 132 
129 ; 201 
129 ; 214 
129 ; 217 
129 ; 231 
129 ; 234 
129 ; 250 
129 ; 299 
129 ; 349 
129 ; 351 
129 ; 382 
129 ; 385 
129 ; 429 
129 ; 440 
129 ; 444 
129 ; 466 
129 ; 475 
129 ; 490 
129 ; 491 
129 ; 530 
130 ; 144 
130 ; 151 
130 ; 174 
130 ; 187 
130 ; 224 
130 ; 263 
130 ; 272 
130 ; 275 
130 ; 286 
130 ; 293 
130 ; 303 
130 ; 335 
130 ; 360 
130 ; 390 
130 ; 391 
130 ; 403 
130 ; 404 
130 ; 405 
130 ; 425 
130 ; 455 
130 ; 460 
130 ; 469 
130 ; 498 
130 ; 526 
130 ; 530 
131 ; 153 
131 ; 169 
131 ; 184 
131 ; 288 
131 ; 303 
131 ; 319 
131 ; 328 
131 ; 340 
131 ; 368 
131 ; 398 
131 ; 413 
131 ; 420 
131 ; 457 
131 ; 492 
131 ; 515 
132 ; 154 
132 ; 170 
132 ; 174 
132 ; 186 
132 ; 196 
132 ; 239 
132 ; 241 
132 ; 299 
132 ; 345 
132 ; 437 
132 ; 465 
132 ; 467 
132 ; 473 
132 ; 477 
132 ; 507 
132 ; 526 
132 ; 530 
132 ; 531 
132 ; 534 
133 ; 135 
133 ; 168 
133 ; 186 
133 ; 197 
133 ; 200 
133 ; 209 
133 ; 296 
133 ; 318 
133 ; 337 
133 ; 338 
133 ; 344 
133 ; 361 
133 ; 396 
133 ; 426 
133 ; 450 
133 ; 456 
133 ; 460 
133 ; 500 
133 ; 514 
133 ; 517 
134 ; 140 
134 ; 155 
134 ; 165 
134 ; 169 
134 ; 215 
134 ; 242 
134 ; 334 
134 ; 336 
134 ; 338 
134 ; 356 
134 ; 362 
134 ; 364 
134 ; 372 
134 ; 373 
134 ; 393 
134 ; 435 
134 ; 438 
134 ; 474 
134 ; 476 
134 ; 533 
135 ; 148 
135 ; 173 
135 ; 190 
135 ; 192 
135 ; 193 
135 ; 217 
135 ; 240 
135 ; 254 
135 ; 302 
135 ; 304 
135 ; 309 
135 ; 317 
135 ; 318 
135 ; 340 
135 ; 404 
135 ; 410 
135 ; 411 
135 ; 418 
135 ; 426 
135 ; 486 
135 ; 494 
135 ; 514 
136 ; 151 
136 ; 160 
136 ; 189 
136 ; 197 
136 ; 206 
136 ; 213 
136 ; 216 
136 ; 254 
136 ; 255 
136 ; 265 
136 ; 292 
136 ; 301 
136 ; 311 
136 ; 346 
136 ; 361 
136 ; 412 
136 ; 435 
136 ; 448 
136 ; 469 
136 ; 473 
136 ; 506 
136 ; 529 
137 ; 144 
137 ; 164 
137 ; 169 
137 ; 178 
137 ; 193 
137 ; 234 
137 ; 252 
137 ; 263 
137 ; 275 
137 ; 282 
137 ; 284 
137 ; 304 
137 ; 313 
137 ; 349 
137 ; 390 
137 ; 405 
137 ; 411 
137 ; 429 
137 ; 456 
137 ; 478 
137 ; 514 
137 ; 527 
138 ; 203 
138 ; 224 
138 ; 226 
138 ; 236 
138 ; 282 
138 ; 294 
138 ; 296 
138 ; 304 
138 ; 305 
138 ; 309 
138 ; 336 
138 ; 360 
138 ; 385 
138 ; 390 
138 ; 421 
138 ; 428 
138 ; 434 
138 ; 446 
138 ; 456 
138 ; 472 
138 ; 493 
138 ; 506 
138 ; 507 
138 ; 521 
138 ; 525 
138 ; 532 
139 ; 140 
139 ; 161 
139 ; 191 
139 ; 216 
139 ; 227 
139 ; 230 
139 ; 305 
139 ; 310 
139 ; 385 
139 ; 390 
139 ; 401 
139 ; 405 
139 ; 430 
139 ; 447 
139 ; 472 
139 ; 515 
139 ; 521 
139 ; 529 
140 ; 149 
140 ; 156 
140 ; 189 
140 ; 196 
140 ; 204 
140 ; 209 
140 ; 212 
140 ; 243 
140 ; 255 
140 ; 281 
140 ; 311 
140 ; 318 
140 ; 359 
140 ; 427 
140 ; 456 
140 ; 520 
141 ; 151 
141 ; 152 
141 ; 154 
141 ; 191 
141 ; 200 
141 ; 240 
141 ; 254 
141 ; 256 
141 ; 262 
141 ; 263 
141 ; 269 
141 ; 294 
141 ; 308 
141 ; 309 
141 ; 315 
141 ; 337 
141 ; 357 
141 ; 359 
141 ; 385 
141 ; 414 
141 ; 440 
141 ; 451 
141 ; 468 
141 ; 495 
141 ; 510 
142 ; 149 
142 ; 151 
142 ; 188 
142 ; 228 
142 ; 246 
142 ; 263 
142 ; 308 
142 ; 311 
142 ; 327 
142 ; 339 
142 ; 341 
142 ; 369 
142 ; 403 
142 ; 476 
142 ; 521 
143 ; 159 
143 ; 166 
143 ; 183 
143 ; 215 
143 ; 228 
143 ; 235 
143 ; 256 
143 ; 344 
143 ; 361 
143 ; 366 
143 ; 383 
143 ; 384 
143 ; 435 
143 ; 460 
143 ; 470 
143 ; 474 
143 ; 485 
143 ; 491 
143 ; 493 
143 ; 526 
144 ; 174 
144 ; 175 
144 ; 215 
144 ; 238 
144 ; 251 
144 ; 265 
144 ; 273 
144 ; 298 
144 ; 304 
144 ; 315 
144 ; 319 
144 ; 390 
144 ; 400 
144 ; 411 
144 ; 429 
144 ; 431 
144 ; 432 
144 ; 437 
144 ; 462 
144 ; 470 
144 ; 477 
144 ; 489 
144 ; 499 
144 ; 501 
144 ; 515 
145 ; 148 
145 ; 178 
145 ; 186 
145 ; 193 
145 ; 243 
145 ; 250 
145 ; 325 
145 ; 333 
145 ; 338 
145 ; 382 
145 ; 383 
145 ; 389 
145 ; 394 
145 ; 432 
145 ; 445 
145 ; 468 
145 ; 478 
145 ; 480 
145 ; 494 
145 ; 510 
145 ; 527 
146 ; 147 
146 ; 183 
146 ; 201 
146 ; 229 
146 ; 282 
146 ; 284 
146 ; 297 
146 ; 325 
146 ; 331 
146 ; 356 
146 ; 367 
146 ; 373 
146 ; 392 
146 ; 400 
146 ; 445 
146 ; 447 
146 ; 461 
146 ; 472 
146 ; 482 
146 ; 493 
146 ; 503 
146 ; 504 
146 ; 514 
146 ; 522 
147 ; 153 
147 ; 162 
147 ; 188 
147 ; 197 
147 ; 216 
147 ; 226 
147 ; 239 
147 ; 255 
147 ; 281 
147 ; 284 
147 ; 310 
147 ; 354 
147 ; 381 
147 ; 393 
147 ; 403 
147 ; 415 
147 ; 416 
147 ; 471 
147 ; 501 
147 ; 512 
148 ; 170 
148 ; 177 
148 ; 179 
148 ; 184 
148 ; 191 
148 ; 194 
148 ; 213 
148 ; 219 
148 ; 238 
148 ; 245 
148 ; 254 
148 ; 264 
148 ; 271 
148 ; 310 
148 ; 314 
148 ; 333 
148 ; 367 
148 ; 368 
148 ; 373 
148 ; 375 
148 ; 380 
148 ; 387 
148 ; 397 
148 ; 415 
148 ; 421 
148 ; 473 
148 ; 484 
148 ; 492 
148 ; 502 
148 ; 512 
148 ; 513 
149 ; 191 
149 ; 221 
149 ; 232 
149 ; 240 
149 ; 247 
149 ; 252 
149 ; 260 
149 ; 302 
149 ; 314 
149 ; 329 
149 ; 355 
149 ; 364 
149 ; 367 
149 ; 388 
149 ; 438 
149 ; 469 
149 ; 473 
149 ; 474 
149 ; 505 
149 ; 516 
149 ; 533 
150 ; 153 
150 ; 201 
150 ; 240 
150 ; 248 
150 ; 259 
150 ; 322 
150 ; 323 
150 ; 358 
150 ; 366 
150 ; 399 
150 ; 404 
150 ; 409 
150 ; 414 
150 ; 437 
150 ; 443 
150 ; 460 
150 ; 466 
150 ; 469 
150 ; 473 
150 ; 512 
150 ; 518 
150 ; 521 
151 ; 209 
151 ; 210 
151 ; 234 
151 ; 259 
151 ; 263 
151 ; 264 
151 ; 291 
151 ; 294 
151 ; 315 
151 ; 317 
151 ; 347 
151 ; 364 
151 ; 382 
151 ; 396 
151 ; 412 
151 ; 431 
151 ; 447 
151 ; 480 
152 ; 178 
152 ; 205 
152 ; 253 
152 ; 266 
152 ; 268 
152 ; 290 
152 ; 302 
152 ; 309 
152 ; 323 
152 ; 329 
152 ; 352 
152 ; 360 
152 ; 371 
152 ; 384 
152 ; 410 
152 ; 482 
152 ; 483 
153 ; 178 
153 ; 189 
153 ; 195 
153 ; 199 
153 ; 215 
153 ; 232 
153 ; 240 
153 ; 248 
153 ; 262 
153 ; 296 
153 ; 314 
153 ; 319 
153 ; 328 
153 ; 361 
153 ; 370 
153 ; 424 
153 ; 425 
153 ; 445 
153 ; 493 
153 ; 499 
153 ; 518 
154 ; 155 
154 ; 171 
154 ; 195 
154 ; 204 
154 ; 236 
154 ; 253 
154 ; 273 
154 ; 307 
154 ; 314 
154 ; 316 
154 ; 323 
154 ; 345 
154 ; 349 
154 ; 353 
154 ; 357 
154 ; 370 
154 ; 379 
154 ; 381 
154 ; 410 
154 ; 430 
154 ; 442 
154 ; 443 
154 ; 460 
154 ; 471 
154 ; 525 
155 ; 164 
155 ; 175 
155 ; 196 
155 ; 224 
155 ; 260 
155 ; 267 
155 ; 268 
155 ; 281 
155 ; 284 
155 ; 307 
155 ; 336 
155 ; 413 
155 ; 436 
155 ; 444 
155 ; 462 
155 ; 477 
155 ; 478 
155 ; 487 
155 ; 492 
155 ; 498 
155 ; 529 
156 ; 162 
156 ; 166 
156 ; 168 
156 ; 171 
156 ; 177 
156 ; 185 
156 ; 210 
156 ; 226 
156 ; 326 
156 ; 354 
156 ; 360 
156 ; 370 
156 ; 375 
156 ; 383 
156 ; 417 
156 ; 418 
156 ; 435 
156 ; 449 
156 ; 469 
156 ; 475 
156 ; 501 
156 ; 502 
157 ; 195 
157 ; 224 
157 ; 251 
157 ; 301 
157 ; 313 
157 ; 317 
157 ; 324 
157 ; 330 
157 ; 337 
157 ; 340 
157 ; 347 
157 ; 397 
157 ; 423 
157 ; 429 
157 ; 432 
157 ; 446 
157 ; 448 
157 ; 471 
157 ; 479 
157 ; 490 
157 ; 491 
157 ; 497 
157 ; 501 
157 ; 515 
158 ; 189 
158 ; 190 
158 ; 194 
158 ; 257 
158 ; 272 
158 ; 285 
158 ; 320 
158 ; 328 
158 ; 339 
158 ; 356 
158 ; 368 
158 ; 387 
158 ; 423 
158 ; 451 
158 ; 484 
158 ; 506 
159 ; 165 
159 ; 169 
159 ; 242 
159 ; 259 
159 ; 301 
159 ; 317 
159 ; 333 
159 ; 337 
159 ; 353 
159 ; 410 
159 ; 427 
159 ; 435 
159 ; 448 
159 ; 449 
159 ; 480 
159 ; 483 
159 ; 495 
159 ; 523 
160 ; 176 
160 ; 205 
160 ; 216 
160 ; 255 
160 ; 298 
160 ; 306 
160 ; 330 
160 ; 340 
160 ; 344 
160 ; 402 
160 ; 451 
160 ; 452 
160 ; 455 
160 ; 483 
160 ; 514 
161 ; 217 
161 ; 239 
161 ; 243 
161 ; 250 
161 ; 333 
161 ; 339 
161 ; 347 
161 ; 348 
161 ; 359 
161 ; 366 
161 ; 375 
161 ; 388 
161 ; 487 
161 ; 493 
161 ; 497 
161 ; 503 
161 ; 504 
161 ; 510 
161 ; 517 
162 ; 163 
162 ; 168 
162 ; 200 
162 ; 207 
162 ; 218 
162 ; 267 
162 ; 274 
162 ; 288 
162 ; 323 
162 ; 348 
162 ; 370 
162 ; 408 
162 ; 439 
162 ; 480 
162 ; 481 
163 ; 199 
163 ; 220 
163 ; 232 
163 ; 243 
163 ; 247 
163 ; 260 
163 ; 266 
163 ; 270 
163 ; 273 
163 ; 294 
163 ; 318 
163 ; 321 
163 ; 329 
163 ; 332 
163 ; 343 
163 ; 402 
163 ; 404 
163 ; 406 
163 ; 424 
163 ; 430 
163 ; 455 
163 ; 464 
163 ; 471 
163 ; 494 
164 ; 179 
164 ; 191 
164 ; 217 
164 ; 268 
164 ; 274 
164 ; 294 
164 ; 300 
164 ; 307 
164 ; 328 
164 ; 356 
164 ; 361 
164 ; 401 
164 ; 407 
164 ; 420 
164 ; 509 
164 ; 526 
165 ; 167 
165 ; 230 
165 ; 265 
165 ; 280 
165 ; 284 
165 ; 290 
165 ; 309 
165 ; 325 
165 ; 358 
165 ; 361 
165 ; 374 
165 ; 401 
165 ; 404 
165 ; 405 
165 ; 408 
165 ; 416 
165 ; 419 
165 ; 424 
165 ; 438 
165 ; 447 
165 ; 491 
165 ; 513 
166 ; 176 
166 ; 182 
166 ; 191 
166 ; 198 
166 ; 212 
166 ; 217 
166 ; 224 
166 ; 228 
166 ; 246 
166 ; 302 
166 ; 316 
166 ; 361 
166 ; 415 
166 ; 419 
166 ; 445 
166 ; 489 
166 ; 497 
166 ; 505 
166 ; 521 
166 ; 532 
167 ; 192 
167 ; 199 
167 ; 205 
167 ; 210 
167 ; 241 
167 ; 276 
167 ; 298 
167 ; 300 
167 ; 314 
167 ; 342 
167 ; 343 
167 ; 386 
167 ; 391 
167 ; 427 
167 ; 451 
167 ; 468 
167 ; 472 
167 ; 473 
167 ; 477 
167 ; 488 
167 ; 532 
168 ; 196 
168 ; 210 
168 ; 230 
168 ; 281 
168 ; 290 
168 ; 312 
168 ; 332 
168 ; 370 
168 ; 371 
168 ; 388 
168 ; 399 
168 ; 411 
168 ; 413 
168 ; 425 
168 ; 432 
168 ; 436 
168 ; 437 
168 ; 452 
168 ; 466 
168 ; 481 
168 ; 483 
168 ; 485 
168 ; 510 
168 ; 511 
169 ; 175 
169 ; 221 
169 ; 225 
169 ; 246 
169 ; 248 
169 ; 258 
169 ; 261 
169 ; 266 
169 ; 272 
169 ; 279 
169 ; 328 
169 ; 378 
169 ; 417 
169 ; 482 
169 ; 491 
169 ; 501 
169 ; 505 
169 ; 513 
169 ; 526 
170 ; 173 
170 ; 200 
170 ; 210 
170 ; 260 
170 ; 277 
170 ; 286 
170 ; 291 
170 ; 310 
170 ; 352 
170 ; 361 
170 ; 364 
170 ; 369 
170 ; 373 
170 ; 488 
170 ; 497 
170 ; 499 
170 ; 504 
170 ; 525 
171 ; 181 
171 ; 193 
171 ; 217 
171 ; 244 
171 ; 269 
171 ; 297 
171 ; 328 
171 ; 414 
171 ; 417 
171 ; 444 
171 ; 448 
172 ; 176 
172 ; 229 
172 ; 234 
172 ; 236 
172 ; 249 
172 ; 267 
172 ; 273 
172 ; 277 
172 ; 290 
172 ; 339 
172 ; 358 
172 ; 378 
172 ; 412 
172 ; 431 
172 ; 444 
172 ; 447 
172 ; 466 
172 ; 470 
172 ; 482 
172 ; 491 
172 ; 497 
172 ; 512 
172 ; 533 
173 ; 197 
173 ; 198 
173 ; 205 
173 ; 213 
173 ; 217 
173 ; 222 
173 ; 230 
173 ; 234 
173 ; 287 
173 ; 317 
173 ; 347 
173 ; 372 
173 ; 403 
173 ; 404 
173 ; 425 
173 ; 440 
173 ; 488 
173 ; 511 
173 ; 530 
174 ; 177 
174 ; 188 
174 ; 199 
174 ; 223 
174 ; 253 
174 ; 264 
174 ; 268 
174 ; 297 
174 ; 353 
174 ; 403 
174 ; 405 
174 ; 406 
174 ; 421 
174 ; 437 
174 ; 447 
174 ; 454 
174 ; 465 
174 ; 496 
175 ; 182 
175 ; 207 
175 ; 215 
175 ; 223 
175 ; 248 
175 ; 282 
175 ; 296 
175 ; 299 
175 ; 325 
175 ; 352 
175 ; 396 
175 ; 399 
175 ; 421 
175 ; 457 
175 ; 503 
175 ; 520 
175 ; 529 
176 ; 187 
176 ; 199 
176 ; 203 
176 ; 207 
176 ; 219 
176 ; 225 
176 ; 236 
176 ; 240 
176 ; 245 
176 ; 251 
176 ; 325 
176 ; 348 
176 ; 351 
176 ; 355 
176 ; 426 
176 ; 433 
176 ; 463 
176 ; 472 
176 ; 477 
176 ; 481 
176 ; 493 
177 ; 178 
177 ; 203 
177 ; 206 
177 ; 212 
177 ; 220 
177 ; 288 
177 ; 317 
177 ; 337 
177 ; 342 
177 ; 348 
177 ; 384 
177 ; 394 
177 ; 399 
177 ; 451 
177 ; 462 
177 ; 468 
177 ; 492 
178 ; 195 
178 ; 196 
178 ; 208 
178 ; 212 
178 ; 226 
178 ; 227 
178 ; 238 
178 ; 247 
178 ; 256 
178 ; 290 
178 ; 291 
178 ; 294 
178 ; 299 
178 ; 308 
178 ; 320 
178 ; 324 
178 ; 343 
178 ; 361 
178 ; 369 
178 ; 385 
178 ; 388 
178 ; 398 
178 ; 433 
178 ; 454 
178 ; 466 
178 ; 479 
178 ; 489 
178 ; 522 
178 ; 534 
179 ; 191 
179 ; 211 
179 ; 243 
179 ; 265 
179 ; 293 
179 ; 315 
179 ; 317 
179 ; 319 
179 ; 322 
179 ; 329 
179 ; 336 
179 ; 357 
179 ; 364 
179 ; 369 
179 ; 374 
179 ; 377 
179 ; 400 
179 ; 418 
179 ; 437 
179 ; 440 
179 ; 467 
179 ; 470 
179 ; 472 
179 ; 489 
179 ; 496 
179 ; 502 
179 ; 529 
180 ; 186 
180 ; 188 
180 ; 202 
180 ; 216 
180 ; 221 
180 ; 233 
180 ; 255 
180 ; 260 
180 ; 262 
180 ; 284 
180 ; 308 
180 ; 315 
180 ; 333 
180 ; 350 
180 ; 373 
180 ; 379 
180 ; 385 
180 ; 409 
180 ; 412 
180 ; 429 
180 ; 432 
180 ; 463 
180 ; 475 
180 ; 488 
180 ; 529 
181 ; 198 
181 ; 214 
181 ; 252 
181 ; 259 
181 ; 286 
181 ; 327 
181 ; 336 
181 ; 355 
181 ; 385 
181 ; 392 
181 ; 398 
181 ; 399 
181 ; 429 
181 ; 453 
181 ; 474 
181 ; 506 
182 ; 203 
182 ; 209 
182 ; 215 
182 ; 223 
182 ; 245 
182 ; 250 
182 ; 252 
182 ; 268 
182 ; 270 
182 ; 320 
182 ; 386 
182 ; 401 
182 ; 403 
182 ; 408 
182 ; 420 
182 ; 421 
182 ; 423 
182 ; 431 
182 ; 454 
182 ; 480 
182 ; 507 
182 ; 529 
183 ; 188 
183 ; 194 
183 ; 197 
183 ; 220 
183 ; 227 
183 ; 277 
183 ; 303 
183 ; 314 
183 ; 334 
183 ; 342 
183 ; 346 
183 ; 354 
183 ; 361 
183 ; 377 
183 ; 462 
183 ; 476 
183 ; 520 
183 ; 529 
184 ; 187 
184 ; 212 
184 ; 218 
184 ; 248 
184 ; 261 
184 ; 264 
184 ; 274 
184 ; 281 
184 ; 340 
184 ; 366 
184 ; 368 
184 ; 405 
184 ; 418 
184 ; 422 
184 ; 466 
184 ; 507 
184 ; 508 
185 ; 198 
185 ; 208 
185 ; 308 
185 ; 341 
185 ; 356 
185 ; 358 
185 ; 359 
185 ; 363 
185 ; 399 
185 ; 420 
185 ; 424 
185 ; 444 
185 ; 454 
185 ; 493 
185 ; 496 
185 ; 510 
185 ; 519 
186 ; 189 
186 ; 192 
186 ; 196 
186 ; 237 
186 ; 302 
186 ; 311 
186 ; 317 
186 ; 318 
186 ; 335 
186 ; 364 
186 ; 388 
186 ; 389 
186 ; 391 
186 ; 394 
186 ; 407 
186 ; 468 
186 ; 479 
186 ; 485 
186 ; 507 
187 ; 212 
187 ; 213 
187 ; 240 
187 ; 327 
187 ; 332 
187 ; 338 
187 ; 353 
187 ; 357 
187 ; 388 
187 ; 398 
187 ; 406 
187 ; 411 
187 ; 425 
187 ; 426 
187 ; 429 
187 ; 462 
187 ; 464 
187 ; 500 
187 ; 501 
187 ; 521 
187 ; 525 
187 ; 531 
188 ; 245 
188 ; 301 
188 ; 317 
188 ; 324 
188 ; 331 
188 ; 362 
188 ; 387 
188 ; 433 
188 ; 436 
188 ; 474 
188 ; 476 
188 ; 506 
189 ; 205 
189 ; 227 
189 ; 230 
189 ; 257 
189 ; 274 
189 ; 307 
189 ; 350 
189 ; 351 
189 ; 381 
189 ; 416 
189 ; 418 
189 ; 422 
189 ; 429 
189 ; 431 
189 ; 435 
189 ; 475 
189 ; 486 
189 ; 508 
189 ; 515 
189 ; 521 
190 ; 242 
190 ; 260 
190 ; 275 
190 ; 298 
190 ; 321 
190 ; 346 
190 ; 347 
190 ; 356 
190 ; 367 
190 ; 375 
190 ; 395 
190 ; 415 
190 ; 512 
190 ; 527 
190 ; 533 
191 ; 199 
191 ; 233 
191 ; 250 
191 ; 258 
191 ; 296 
191 ; 305 
191 ; 340 
191 ; 347 
191 ; 400 
191 ; 454 
191 ; 483 
191 ; 497 
191 ; 516 
192 ; 216 
192 ; 224 
192 ; 242 
192 ; 277 
192 ; 313 
192 ; 348 
192 ; 359 
192 ; 360 
192 ; 368 
192 ; 370 
192 ; 374 
192 ; 421 
192 ; 437 
192 ; 457 
192 ; 459 
192 ; 484 
192 ; 528 
193 ; 197 
193 ; 207 
193 ; 211 
193 ; 224 
193 ; 233 
193 ; 259 
193 ; 261 
193 ; 273 
193 ; 297 
193 ; 318 
193 ; 337 
193 ; 342 
193 ; 350 
193 ; 357 
193 ; 366 
193 ; 372 
193 ; 375 
193 ; 442 
193 ; 454 
193 ; 465 
193 ; 476 
193 ; 483 
193 ; 492 
193 ; 505 
193 ; 511 
193 ; 516 
193 ; 519 
194 ; 197 
194 ; 239 
194 ; 255 
194 ; 276 
194 ; 317 
194 ; 347 
194 ; 351 
194 ; 357 
194 ; 362 
194 ; 370 
194 ; 390 
194 ; 424 
194 ; 427 
194 ; 438 
194 ; 447 
194 ; 452 
194 ; 455 
194 ; 465 
194 ; 467 
194 ; 487 
194 ; 496 
195 ; 214 
195 ; 217 
195 ; 222 
195 ; 226 
195 ; 272 
195 ; 320 
195 ; 326 
195 ; 333 
195 ; 347 
195 ; 363 
195 ; 392 
195 ; 406 
195 ; 412 
195 ; 422 
195 ; 446 
195 ; 447 
195 ; 494 
195 ; 508 
195 ; 534 
196 ; 197 
196 ; 201 
196 ; 202 
196 ; 224 
196 ; 226 
196 ; 248 
196 ; 257 
196 ; 268 
196 ; 333 
196 ; 334 
196 ; 355 
196 ; 434 
196 ; 446 
196 ; 493 
196 ; 509 
197 ; 232 
197 ; 241 
197 ; 272 
197 ; 339 
197 ; 342 
197 ; 347 
197 ; 367 
197 ; 368 
197 ; 375 
197 ; 376 
197 ; 395 
197 ; 404 
197 ; 465 
198 ; 203 
198 ; 244 
198 ; 245 
198 ; 250 
198 ; 262 
198 ; 269 
198 ; 278 
198 ; 281 
198 ; 282 
198 ; 334 
198 ; 336 
198 ; 362 
198 ; 384 
198 ; 420 
198 ; 429 
198 ; 430 
198 ; 455 
198 ; 507 
198 ; 512 
199 ; 216 
199 ; 218 
199 ; 240 
199 ; 241 
199 ; 246 
199 ; 271 
199 ; 274 
199 ; 295 
199 ; 315 
199 ; 340 
199 ; 367 
199 ; 372 
199 ; 379 
199 ; 400 
199 ; 412 
199 ; 416 
199 ; 419 
199 ; 421 
199 ; 497 
199 ; 499 
199 ; 502 
199 ; 504 
199 ; 506 
199 ; 507 
199 ; 519 
199 ; 531 
200 ; 204 
200 ; 250 
200 ; 255 
200 ; 263 
200 ; 270 
200 ; 291 
200 ; 328 
200 ; 340 
200 ; 372 
200 ; 383 
200 ; 388 
200 ; 389 
200 ; 448 
200 ; 482 
200 ; 483 
200 ; 496 
200 ; 498 
200 ; 524 
200 ; 526 
200 ; 533 
201 ; 203 
201 ; 221 
201 ; 229 
201 ; 234 
201 ; 238 
201 ; 240 
201 ; 241 
201 ; 280 
201 ; 319 
201 ; 327 
201 ; 333 
201 ; 379 
201 ; 403 
201 ; 428 
201 ; 445 
201 ; 460 
201 ; 480 
201 ; 481 
201 ; 486 
201 ; 498 
201 ; 507 
201 ; 522 
201 ; 528 
202 ; 209 
202 ; 250 
202 ; 310 
202 ; 330 
202 ; 335 
202 ; 339 
202 ; 354 
202 ; 375 
202 ; 397 
202 ; 403 
202 ; 433 
202 ; 447 
202 ; 454 
202 ; 457 
202 ; 462 
202 ; 472 
202 ; 483 
202 ; 501 
202 ; 506 
202 ; 526 
203 ; 210 
203 ; 220 
203 ; 267 
203 ; 278 
203 ; 279 
203 ; 281 
203 ; 305 
203 ; 306 
203 ; 324 
203 ; 327 
203 ; 342 
203 ; 385 
203 ; 403 
203 ; 436 
203 ; 442 
203 ; 450 
203 ; 472 
203 ; 492 
203 ; 530 
204 ; 213 
204 ; 275 
204 ; 286 
204 ; 296 
204 ; 345 
204 ; 346 
204 ; 354 
204 ; 369 
204 ; 375 
204 ; 379 
204 ; 404 
204 ; 440 
204 ; 442 
204 ; 447 
204 ; 517 
204 ; 525 
205 ; 214 
205 ; 222 
205 ; 228 
205 ; 236 
205 ; 258 
205 ; 267 
205 ; 291 
205 ; 309 
205 ; 328 
205 ; 330 
205 ; 364 
205 ; 368 
205 ; 381 
205 ; 409 
205 ; 412 
205 ; 413 
205 ; 426 
205 ; 436 
205 ; 441 
205 ; 527 
206 ; 209 
206 ; 250 
206 ; 255 
206 ; 264 
206 ; 330 
206 ; 342 
206 ; 345 
206 ; 346 
206 ; 353 
206 ; 376 
206 ; 403 
206 ; 469 
206 ; 473 
206 ; 483 
206 ; 520 
207 ; 216 
207 ; 227 
207 ; 233 
207 ; 247 
207 ; 258 
207 ; 278 
207 ; 296 
207 ; 327 
207 ; 438 
207 ; 461 
207 ; 487 
207 ; 530 
207 ; 533 
208 ; 215 
208 ; 217 
208 ; 225 
208 ; 228 
208 ; 285 
208 ; 287 
208 ; 331 
208 ; 366 
208 ; 367 
208 ; 392 
208 ; 411 
208 ; 427 
208 ; 428 
208 ; 466 
208 ; 490 
208 ; 504 
208 ; 511 
208 ; 521 
208 ; 523 
208 ; 527 
208 ; 529 
209 ; 280 
209 ; 314 
209 ; 326 
209 ; 340 
209 ; 343 
209 ; 352 
209 ; 370 
209 ; 377 
209 ; 395 
209 ; 406 
209 ; 419 
209 ; 453 
209 ; 458 
209 ; 532 
210 ; 233 
210 ; 242 
210 ; 269 
210 ; 351 
210 ; 385 
210 ; 411 
210 ; 436 
210 ; 440 
210 ; 488 
210 ; 515 
210 ; 522 
211 ; 230 
211 ; 249 
211 ; 251 
211 ; 255 
211 ; 263 
211 ; 270 
211 ; 280 
211 ; 282 
211 ; 286 
211 ; 313 
211 ; 331 
211 ; 337 
211 ; 350 
211 ; 395 
211 ; 397 
211 ; 429 
211 ; 485 
211 ; 487 
211 ; 496 
212 ; 229 
212 ; 303 
212 ; 306 
212 ; 405 
212 ; 436 
212 ; 465 
212 ; 491 
212 ; 524 
212 ; 529 
213 ; 263 
213 ; 292 
213 ; 313 
213 ; 318 
213 ; 335 
213 ; 339 
213 ; 355 
213 ; 362 
213 ; 406 
213 ; 418 
213 ; 425 
213 ; 454 
213 ; 456 
213 ; 464 
213 ; 479 
213 ; 496 
214 ; 216 
214 ; 235 
214 ; 257 
214 ; 288 
214 ; 331 
214 ; 338 
214 ; 365 
214 ; 411 
214 ; 436 
214 ; 439 
214 ; 446 
214 ; 451 
214 ; 457 
214 ; 487 
215 ; 219 
215 ; 224 
215 ; 237 
215 ; 265 
215 ; 270 
215 ; 274 
215 ; 287 
215 ; 291 
215 ; 323 
215 ; 346 
215 ; 347 
215 ; 350 
215 ; 402 
215 ; 417 
215 ; 431 
215 ; 435 
215 ; 441 
215 ; 453 
215 ; 458 
215 ; 498 
215 ; 517 
215 ; 520 
216 ; 227 
216 ; 231 
216 ; 252 
216 ; 292 
216 ; 299 
216 ; 302 
216 ; 304 
216 ; 305 
216 ; 354 
216 ; 371 
216 ; 381 
216 ; 383 
216 ; 387 
216 ; 404 
216 ; 411 
216 ; 416 
216 ; 426 
216 ; 428 
216 ; 429 
216 ; 432 
216 ; 443 
216 ; 453 
217 ; 228 
217 ; 233 
217 ; 234 
217 ; 241 
217 ; 243 
217 ; 291 
217 ; 300 
217 ; 350 
217 ; 352 
217 ; 353 
217 ; 361 
217 ; 373 
217 ; 417 
217 ; 447 
217 ; 460 
217 ; 470 
217 ; 471 
217 ; 473 
217 ; 483 
217 ; 484 
217 ; 506 
217 ; 515 
217 ; 520 
218 ; 240 
218 ; 245 
218 ; 267 
218 ; 271 
218 ; 278 
218 ; 358 
218 ; 361 
218 ; 368 
218 ; 414 
218 ; 415 
218 ; 453 
218 ; 467 
218 ; 501 
219 ; 223 
219 ; 231 
219 ; 296 
219 ; 322 
219 ; 354 
219 ; 359 
219 ; 372 
219 ; 378 
219 ; 384 
219 ; 424 
219 ; 455 
219 ; 473 
219 ; 490 
219 ; 509 
219 ; 533 
220 ; 228 
220 ; 239 
220 ; 259 
220 ; 278 
220 ; 294 
220 ; 315 
220 ; 324 
220 ; 334 
220 ; 336 
220 ; 348 
220 ; 357 
220 ; 372 
220 ; 387 
221 ; 231 
221 ; 251 
221 ; 252 
221 ; 254 
221 ; 259 
221 ; 272 
221 ; 277 
221 ; 314 
221 ; 325 
221 ; 363 
221 ; 397 
221 ; 413 
221 ; 414 
221 ; 473 
221 ; 483 
221 ; 500 
221 ; 506 
221 ; 517 
221 ; 522 
221 ; 532 
222 ; 231 
222 ; 241 
222 ; 242 
222 ; 244 
222 ; 287 
222 ; 295 
222 ; 299 
222 ; 302 
222 ; 317 
222 ; 347 
222 ; 359 
222 ; 366 
222 ; 395 
222 ; 406 
222 ; 423 
222 ; 426 
222 ; 441 
222 ; 464 
222 ; 479 
222 ; 489 
222 ; 500 
222 ; 501 
222 ; 514 
223 ; 233 
223 ; 253 
223 ; 268 
223 ; 294 
223 ; 327 
223 ; 339 
223 ; 375 
223 ; 404 
223 ; 429 
223 ; 433 
223 ; 436 
223 ; 528 
224 ; 226 
224 ; 260 
224 ; 267 
224 ; 276 
224 ; 299 
224 ; 315 
224 ; 333 
224 ; 335 
224 ; 374 
224 ; 427 
224 ; 478 
224 ; 501 
224 ; 518 
224 ; 532 
225 ; 231 
225 ; 252 
225 ; 257 
225 ; 263 
225 ; 343 
225 ; 348 
225 ; 392 
225 ; 396 
225 ; 490 
225 ; 503 
225 ; 527 
226 ; 269 
226 ; 280 
226 ; 301 
226 ; 327 
226 ; 335 
226 ; 339 
226 ; 391 
226 ; 403 
226 ; 416 
226 ; 472 
226 ; 480 
226 ; 483 
226 ; 490 
226 ; 510 
226 ; 520 
227 ; 246 
227 ; 261 
227 ; 264 
227 ; 276 
227 ; 296 
227 ; 306 
227 ; 320 
227 ; 330 
227 ; 342 
227 ; 363 
227 ; 403 
227 ; 448 
227 ; 487 
227 ; 488 
227 ; 494 
227 ; 495 
227 ; 506 
227 ; 513 
227 ; 514 
227 ; 523 
227 ; 533 
228 ; 259 
228 ; 261 
228 ; 299 
228 ; 304 
228 ; 342 
228 ; 366 
228 ; 389 
228 ; 419 
228 ; 422 
228 ; 444 
228 ; 450 
228 ; 470 
228 ; 485 
228 ; 510 
228 ; 517 
228 ; 518 
228 ; 531 
229 ; 269 
229 ; 270 
229 ; 301 
229 ; 323 
229 ; 379 
229 ; 381 
229 ; 383 
229 ; 390 
229 ; 393 
229 ; 395 
229 ; 403 
229 ; 428 
229 ; 447 
229 ; 474 
229 ; 492 
229 ; 531 
230 ; 235 
230 ; 274 
230 ; 307 
230 ; 335 
230 ; 336 
230 ; 363 
230 ; 428 
230 ; 432 
230 ; 462 
230 ; 492 
231 ; 242 
231 ; 260 
231 ; 277 
231 ; 292 
231 ; 298 
231 ; 303 
231 ; 348 
231 ; 379 
231 ; 385 
231 ; 403 
231 ; 429 
231 ; 441 
231 ; 451 
231 ; 474 
231 ; 524 
231 ; 525 
232 ; 252 
232 ; 258 
232 ; 259 
232 ; 265 
232 ; 322 
232 ; 333 
232 ; 342 
232 ; 367 
232 ; 374 
232 ; 411 
232 ; 421 
232 ; 422 
232 ; 434 
232 ; 486 
232 ; 531 
233 ; 245 
233 ; 313 
233 ; 346 
233 ; 365 
233 ; 369 
233 ; 400 
233 ; 417 
233 ; 420 
233 ; 432 
233 ; 486 
233 ; 491 
233 ; 499 
233 ; 516 
233 ; 522 
233 ; 523 
233 ; 529 
234 ; 242 
234 ; 264 
234 ; 292 
234 ; 299 
234 ; 322 
234 ; 357 
234 ; 421 
234 ; 442 
234 ; 445 
234 ; 466 
234 ; 489 
234 ; 491 
234 ; 513 
234 ; 528 
235 ; 238 
235 ; 248 
235 ; 266 
235 ; 291 
235 ; 310 
235 ; 315 
235 ; 332 
235 ; 362 
235 ; 396 
235 ; 403 
235 ; 407 
235 ; 435 
235 ; 452 
235 ; 479 
235 ; 484 
236 ; 258 
236 ; 269 
236 ; 275 
236 ; 315 
236 ; 325 
236 ; 351 
236 ; 356 
236 ; 367 
236 ; 449 
236 ; 486 
236 ; 508 
236 ; 510 
236 ; 511 
237 ; 243 
237 ; 250 
237 ; 254 
237 ; 260 
237 ; 276 
237 ; 295 
237 ; 296 
237 ; 301 
237 ; 345 
237 ; 379 
237 ; 428 
237 ; 518 
237 ; 519 
237 ; 527 
238 ; 256 
238 ; 266 
238 ; 307 
238 ; 311 
238 ; 327 
238 ; 330 
238 ; 358 
238 ; 394 
238 ; 396 
238 ; 427 
238 ; 431 
238 ; 503 
238 ; 515 
238 ; 520 
238 ; 522 
238 ; 533 
239 ; 240 
239 ; 267 
239 ; 275 
239 ; 285 
239 ; 288 
239 ; 289 
239 ; 323 
239 ; 350 
239 ; 428 
239 ; 449 
239 ; 460 
239 ; 461 
239 ; 464 
239 ; 466 
239 ; 467 
239 ; 483 
239 ; 486 
240 ; 249 
240 ; 254 
240 ; 269 
240 ; 339 
240 ; 397 
240 ; 427 
240 ; 436 
240 ; 442 
240 ; 450 
240 ; 476 
240 ; 514 
241 ; 243 
241 ; 244 
241 ; 267 
241 ; 282 
241 ; 292 
241 ; 341 
241 ; 353 
241 ; 355 
241 ; 358 
241 ; 363 
241 ; 370 
241 ; 376 
241 ; 383 
241 ; 385 
241 ; 396 
241 ; 422 
241 ; 447 
241 ; 484 
241 ; 510 
241 ; 528 
242 ; 252 
242 ; 255 
242 ; 291 
242 ; 304 
242 ; 317 
242 ; 328 
242 ; 359 
242 ; 370 
242 ; 381 
242 ; 493 
242 ; 518 
243 ; 262 
243 ; 291 
243 ; 294 
243 ; 305 
243 ; 322 
243 ; 399 
243 ; 402 
243 ; 440 
243 ; 455 
243 ; 467 
243 ; 470 
243 ; 475 
243 ; 481 
243 ; 500 
243 ; 503 
243 ; 520 
244 ; 266 
244 ; 299 
244 ; 310 
244 ; 332 
244 ; 352 
244 ; 411 
244 ; 412 
244 ; 455 
244 ; 469 
244 ; 474 
244 ; 481 
244 ; 515 
245 ; 250 
245 ; 258 
245 ; 269 
245 ; 285 
245 ; 293 
245 ; 314 
245 ; 329 
245 ; 333 
245 ; 379 
245 ; 411 
245 ; 417 
245 ; 449 
245 ; 506 
246 ; 253 
246 ; 254 
246 ; 305 
246 ; 320 
246 ; 354 
246 ; 364 
246 ; 385 
246 ; 433 
246 ; 443 
246 ; 459 
246 ; 518 
247 ; 248 
247 ; 265 
247 ; 279 
247 ; 323 
247 ; 349 
247 ; 377 
247 ; 379 
247 ; 397 
247 ; 431 
247 ; 446 
247 ; 449 
247 ; 496 
248 ; 352 
248 ; 356 
248 ; 360 
248 ; 388 
248 ; 420 
248 ; 426 
248 ; 428 
248 ; 430 
248 ; 487 
248 ; 489 
248 ; 513 
248 ; 533 
249 ; 270 
249 ; 316 
249 ; 349 
249 ; 369 
249 ; 408 
249 ; 414 
249 ; 415 
249 ; 420 
249 ; 471 
250 ; 293 
250 ; 300 
250 ; 319 
250 ; 355 
250 ; 422 
250 ; 432 
250 ; 446 
250 ; 459 
250 ; 461 
250 ; 463 
250 ; 491 
250 ; 496 
251 ; 258 
251 ; 279 
251 ; 326 
251 ; 346 
251 ; 364 
251 ; 412 
251 ; 488 
251 ; 492 
251 ; 502 
251 ; 521 
251 ; 528 
252 ; 263 
252 ; 264 
252 ; 288 
252 ; 340 
252 ; 386 
252 ; 404 
252 ; 445 
252 ; 461 
252 ; 467 
252 ; 469 
253 ; 254 
253 ; 309 
253 ; 381 
253 ; 408 
253 ; 414 
253 ; 443 
253 ; 484 
253 ; 500 
253 ; 530 
254 ; 275 
254 ; 292 
254 ; 295 
254 ; 306 
254 ; 333 
254 ; 335 
254 ; 345 
254 ; 350 
254 ; 381 
254 ; 479 
254 ; 487 
254 ; 504 
255 ; 270 
255 ; 278 
255 ; 303 
255 ; 312 
255 ; 318 
255 ; 321 
255 ; 352 
255 ; 360 
255 ; 385 
255 ; 386 
255 ; 394 
255 ; 428 
255 ; 437 
255 ; 450 
255 ; 455 
255 ; 463 
255 ; 468 
255 ; 472 
255 ; 483 
255 ; 484 
255 ; 488 
255 ; 517 
255 ; 526 
256 ; 259 
256 ; 270 
256 ; 288 
256 ; 312 
256 ; 338 
256 ; 362 
256 ; 387 
256 ; 398 
256 ; 418 
256 ; 448 
256 ; 455 
256 ; 456 
256 ; 493 
256 ; 507 
256 ; 528 
256 ; 529 
257 ; 258 
257 ; 270 
257 ; 281 
257 ; 288 
257 ; 323 
257 ; 328 
257 ; 329 
257 ; 340 
257 ; 344 
257 ; 378 
257 ; 385 
257 ; 386 
257 ; 399 
257 ; 414 
257 ; 435 
257 ; 437 
257 ; 449 
257 ; 464 
257 ; 481 
257 ; 496 
257 ; 509 
258 ; 299 
258 ; 321 
258 ; 332 
258 ; 398 
258 ; 439 
258 ; 455 
258 ; 490 
258 ; 498 
258 ; 500 
258 ; 503 
258 ; 507 
258 ; 509 
259 ; 277 
259 ; 295 
259 ; 336 
259 ; 353 
259 ; 360 
259 ; 362 
259 ; 363 
259 ; 372 
259 ; 387 
259 ; 388 
259 ; 412 
259 ; 425 
259 ; 434 
259 ; 451 
259 ; 453 
259 ; 477 
259 ; 512 
259 ; 518 
259 ; 522 
260 ; 265 
260 ; 281 
260 ; 284 
260 ; 301 
260 ; 311 
260 ; 313 
260 ; 349 
260 ; 367 
260 ; 373 
260 ; 395 
260 ; 434 
260 ; 438 
260 ; 446 
260 ; 478 
260 ; 479 
260 ; 491 
260 ; 493 
260 ; 516 
260 ; 533 
261 ; 264 
261 ; 288 
261 ; 318 
261 ; 361 
261 ; 372 
261 ; 423 
261 ; 436 
261 ; 448 
261 ; 453 
261 ; 457 
261 ; 485 
261 ; 492 
261 ; 496 
261 ; 522 
261 ; 531 
262 ; 279 
262 ; 281 
262 ; 298 
262 ; 304 
262 ; 310 
262 ; 356 
262 ; 361 
262 ; 365 
262 ; 413 
262 ; 441 
262 ; 521 
262 ; 533 
263 ; 286 
263 ; 294 
263 ; 304 
263 ; 319 
263 ; 322 
263 ; 332 
263 ; 345 
263 ; 398 
263 ; 430 
263 ; 461 
263 ; 497 
263 ; 510 
263 ; 529 
264 ; 283 
264 ; 292 
264 ; 313 
264 ; 325 
264 ; 326 
264 ; 344 
264 ; 357 
264 ; 379 
264 ; 380 
264 ; 413 
264 ; 468 
264 ; 474 
264 ; 483 
264 ; 485 
264 ; 516 
264 ; 526 
265 ; 300 
265 ; 317 
265 ; 340 
265 ; 344 
265 ; 358 
265 ; 364 
265 ; 402 
265 ; 403 
265 ; 423 
265 ; 425 
266 ; 321 
266 ; 342 
266 ; 344 
266 ; 472 
266 ; 480 
266 ; 491 
267 ; 281 
267 ; 314 
267 ; 323 
267 ; 328 
267 ; 334 
267 ; 351 
267 ; 374 
267 ; 384 
267 ; 392 
267 ; 394 
267 ; 405 
267 ; 412 
267 ; 462 
267 ; 464 
267 ; 483 
267 ; 486 
268 ; 279 
268 ; 295 
268 ; 306 
268 ; 322 
268 ; 353 
268 ; 369 
268 ; 370 
268 ; 375 
268 ; 401 
268 ; 411 
268 ; 485 
268 ; 493 
268 ; 526 
268 ; 529 
269 ; 270 
269 ; 328 
269 ; 339 
269 ; 348 
269 ; 371 
269 ; 376 
269 ; 400 
269 ; 413 
269 ; 426 
269 ; 435 
269 ; 439 
269 ; 457 
269 ; 460 
269 ; 471 
269 ; 505 
269 ; 507 
269 ; 520 
269 ; 524 
270 ; 278 
270 ; 282 
270 ; 299 
270 ; 310 
270 ; 316 
270 ; 317 
270 ; 344 
270 ; 346 
270 ; 366 
270 ; 369 
270 ; 428 
270 ; 491 
270 ; 509 
270 ; 513 
270 ; 522 
270 ; 526 
271 ; 304 
271 ; 316 
271 ; 385 
271 ; 420 
271 ; 427 
271 ; 443 
271 ; 531 
272 ; 275 
272 ; 326 
272 ; 340 
272 ; 388 
272 ; 424 
272 ; 438 
272 ; 445 
272 ; 458 
272 ; 460 
272 ; 471 
272 ; 492 
272 ; 498 
272 ; 499 
272 ; 515 
273 ; 275 
273 ; 279 
273 ; 316 
273 ; 363 
273 ; 377 
273 ; 381 
273 ; 391 
273 ; 423 
273 ; 429 
273 ; 438 
273 ; 451 
273 ; 461 
273 ; 481 
273 ; 488 
273 ; 515 
273 ; 517 
274 ; 301 
274 ; 331 
274 ; 383 
274 ; 394 
274 ; 454 
274 ; 468 
274 ; 480 
274 ; 513 
274 ; 530 
275 ; 288 
275 ; 289 
275 ; 297 
275 ; 302 
275 ; 343 
275 ; 390 
275 ; 441 
275 ; 488 
275 ; 491 
275 ; 521 
276 ; 279 
276 ; 313 
276 ; 320 
276 ; 336 
276 ; 343 
276 ; 407 
276 ; 408 
276 ; 438 
276 ; 442 
276 ; 501 
276 ; 528 
277 ; 302 
277 ; 343 
277 ; 358 
277 ; 374 
277 ; 384 
277 ; 413 
277 ; 416 
277 ; 477 
277 ; 516 
277 ; 520 
278 ; 285 
278 ; 306 
278 ; 319 
278 ; 340 
278 ; 362 
278 ; 380 
278 ; 395 
278 ; 429 
278 ; 434 
278 ; 435 
278 ; 451 
278 ; 524 
278 ; 525 
279 ; 375 
279 ; 377 
279 ; 405 
279 ; 414 
279 ; 484 
279 ; 487 
279 ; 512 
279 ; 519 
280 ; 283 
280 ; 291 
280 ; 319 
280 ; 327 
280 ; 348 
280 ; 357 
280 ; 363 
280 ; 387 
280 ; 444 
280 ; 452 
280 ; 497 
281 ; 302 
281 ; 304 
281 ; 319 
281 ; 329 
281 ; 440 
281 ; 508 
281 ; 531 
282 ; 284 
282 ; 316 
282 ; 377 
282 ; 402 
282 ; 413 
282 ; 469 
282 ; 476 
282 ; 505 
283 ; 296 
283 ; 299 
283 ; 346 
283 ; 373 
283 ; 379 
283 ; 381 
283 ; 389 
283 ; 391 
283 ; 400 
283 ; 407 
283 ; 414 
283 ; 421 
283 ; 431 
283 ; 466 
283 ; 503 
283 ; 505 
283 ; 517 
283 ; 525 
284 ; 299 
284 ; 301 
284 ; 302 
284 ; 306 
284 ; 376 
284 ; 391 
284 ; 398 
284 ; 414 
284 ; 424 
284 ; 449 
284 ; 485 
284 ; 490 
284 ; 513 
284 ; 529 
285 ; 299 
285 ; 307 
285 ; 338 
285 ; 346 
285 ; 370 
285 ; 372 
285 ; 374 
285 ; 379 
285 ; 382 
285 ; 390 
285 ; 422 
285 ; 436 
285 ; 443 
285 ; 477 
285 ; 496 
285 ; 512 
285 ; 521 
286 ; 308 
286 ; 309 
286 ; 322 
286 ; 346 
286 ; 349 
286 ; 353 
286 ; 370 
286 ; 401 
286 ; 429 
286 ; 431 
286 ; 451 
286 ; 475 
286 ; 480 
286 ; 491 
286 ; 511 
287 ; 326 
287 ; 367 
287 ; 372 
287 ; 380 
287 ; 430 
287 ; 449 
287 ; 452 
287 ; 468 
287 ; 481 
287 ; 487 
287 ; 506 
287 ; 523 
288 ; 349 
288 ; 401 
288 ; 410 
288 ; 416 
288 ; 425 
288 ; 459 
288 ; 460 
288 ; 469 
288 ; 482 
288 ; 501 
289 ; 294 
289 ; 339 
289 ; 370 
289 ; 386 
289 ; 396 
289 ; 399 
289 ; 404 
289 ; 424 
289 ; 449 
289 ; 473 
290 ; 338 
290 ; 401 
290 ; 427 
290 ; 445 
290 ; 456 
290 ; 476 
291 ; 333 
291 ; 334 
291 ; 344 
291 ; 356 
291 ; 358 
291 ; 364 
291 ; 370 
291 ; 414 
291 ; 464 
291 ; 471 
291 ; 510 
291 ; 514 
292 ; 298 
292 ; 299 
292 ; 314 
292 ; 326 
292 ; 350 
292 ; 354 
292 ; 361 
292 ; 369 
292 ; 381 
292 ; 382 
292 ; 406 
292 ; 441 
292 ; 449 
292 ; 476 
292 ; 513 
292 ; 518 
293 ; 294 
293 ; 339 
293 ; 353 
293 ; 362 
293 ; 396 
293 ; 443 
293 ; 472 
293 ; 479 
293 ; 486 
293 ; 487 
293 ; 491 
293 ; 519 
294 ; 295 
294 ; 302 
294 ; 308 
294 ; 309 
294 ; 312 
294 ; 433 
294 ; 450 
294 ; 452 
294 ; 465 
294 ; 509 
294 ; 515 
294 ; 525 
295 ; 311 
295 ; 319 
295 ; 326 
295 ; 369 
295 ; 380 
295 ; 413 
295 ; 415 
295 ; 453 
295 ; 459 
296 ; 297 
296 ; 313 
296 ; 325 
296 ; 345 
296 ; 357 
296 ; 369 
296 ; 400 
296 ; 423 
296 ; 449 
296 ; 465 
296 ; 477 
296 ; 480 
296 ; 490 
296 ; 533 
297 ; 301 
297 ; 382 
297 ; 413 
297 ; 428 
297 ; 476 
297 ; 480 
298 ; 317 
298 ; 341 
298 ; 352 
298 ; 358 
298 ; 389 
298 ; 403 
298 ; 442 
298 ; 447 
298 ; 449 
298 ; 454 
298 ; 465 
298 ; 472 
298 ; 477 
298 ; 493 
298 ; 524 
298 ; 530 
299 ; 320 
299 ; 360 
299 ; 412 
299 ; 463 
299 ; 479 
299 ; 482 
299 ; 485 
299 ; 490 
299 ; 496 
300 ; 304 
300 ; 312 
300 ; 314 
300 ; 316 
300 ; 329 
300 ; 370 
300 ; 390 
300 ; 392 
300 ; 393 
300 ; 413 
300 ; 433 
300 ; 437 
300 ; 476 
300 ; 510 
300 ; 522 
300 ; 528 
301 ; 305 
301 ; 323 
301 ; 333 
301 ; 335 
301 ; 352 
301 ; 373 
301 ; 375 
301 ; 395 
301 ; 407 
301 ; 419 
301 ; 432 
301 ; 497 
301 ; 514 
301 ; 529 
301 ; 534 
302 ; 316 
302 ; 327 
302 ; 354 
302 ; 368 
302 ; 394 
302 ; 438 
302 ; 497 
303 ; 350 
303 ; 383 
303 ; 388 
303 ; 393 
303 ; 398 
303 ; 408 
303 ; 451 
303 ; 465 
303 ; 490 
304 ; 323 
304 ; 326 
304 ; 356 
304 ; 371 
304 ; 381 
304 ; 404 
304 ; 470 
304 ; 479 
304 ; 522 
304 ; 527 
304 ; 529 
305 ; 339 
305 ; 356 
305 ; 361 
305 ; 379 
305 ; 411 
305 ; 414 
305 ; 419 
305 ; 447 
305 ; 453 
305 ; 464 
305 ; 491 
305 ; 503 
306 ; 316 
306 ; 337 
306 ; 367 
306 ; 378 
306 ; 394 
306 ; 401 
306 ; 432 
306 ; 448 
306 ; 455 
306 ; 462 
306 ; 469 
306 ; 512 
306 ; 520 
306 ; 522 
306 ; 523 
307 ; 312 
307 ; 336 
307 ; 339 
307 ; 362 
307 ; 365 
307 ; 366 
307 ; 370 
307 ; 393 
307 ; 396 
307 ; 424 
307 ; 427 
307 ; 430 
307 ; 432 
307 ; 451 
307 ; 457 
307 ; 460 
307 ; 462 
307 ; 467 
307 ; 473 
307 ; 477 
307 ; 493 
307 ; 510 
307 ; 514 
307 ; 516 
307 ; 520 
308 ; 313 
308 ; 338 
308 ; 347 
308 ; 349 
308 ; 355 
308 ; 374 
308 ; 375 
308 ; 417 
308 ; 451 
308 ; 525 
308 ; 530 
309 ; 320 
309 ; 340 
309 ; 342 
309 ; 348 
309 ; 407 
309 ; 490 
309 ; 523 
309 ; 530 
310 ; 355 
310 ; 502 
311 ; 323 
311 ; 367 
311 ; 368 
311 ; 372 
311 ; 415 
311 ; 420 
311 ; 458 
311 ; 467 
311 ; 470 
311 ; 480 
311 ; 494 
311 ; 526 
312 ; 321 
312 ; 333 
312 ; 344 
312 ; 349 
312 ; 350 
312 ; 381 
312 ; 382 
312 ; 435 
312 ; 439 
312 ; 446 
312 ; 449 
312 ; 479 
312 ; 481 
312 ; 485 
312 ; 492 
313 ; 333 
313 ; 338 
313 ; 379 
313 ; 385 
313 ; 408 
313 ; 419 
313 ; 428 
313 ; 441 
313 ; 443 
313 ; 446 
313 ; 452 
313 ; 485 
314 ; 329 
314 ; 355 
314 ; 360 
314 ; 382 
314 ; 384 
314 ; 401 
314 ; 423 
314 ; 425 
314 ; 432 
314 ; 450 
314 ; 476 
314 ; 477 
314 ; 492 
314 ; 506 
314 ; 524 
315 ; 335 
315 ; 350 
315 ; 352 
315 ; 355 
315 ; 372 
315 ; 409 
315 ; 410 
315 ; 417 
315 ; 447 
315 ; 449 
315 ; 457 
315 ; 484 
315 ; 518 
316 ; 321 
316 ; 333 
316 ; 361 
316 ; 381 
316 ; 409 
316 ; 417 
316 ; 437 
316 ; 440 
316 ; 450 
316 ; 472 
316 ; 498 
316 ; 508 
316 ; 518 
316 ; 526 
317 ; 325 
317 ; 355 
317 ; 423 
317 ; 436 
317 ; 490 
317 ; 494 
318 ; 346 
318 ; 368 
318 ; 381 
318 ; 385 
318 ; 388 
318 ; 426 
318 ; 431 
318 ; 438 
318 ; 489 
318 ; 494 
318 ; 518 
319 ; 349 
319 ; 367 
319 ; 372 
319 ; 379 
319 ; 382 
319 ; 388 
319 ; 409 
319 ; 504 
319 ; 509 
319 ; 513 
319 ; 529 
320 ; 335 
320 ; 347 
320 ; 348 
320 ; 350 
320 ; 371 
320 ; 395 
320 ; 419 
320 ; 431 
320 ; 444 
320 ; 452 
320 ; 478 
320 ; 488 
320 ; 519 
321 ; 345 
321 ; 347 
321 ; 355 
321 ; 357 
321 ; 366 
321 ; 414 
321 ; 435 
321 ; 444 
321 ; 449 
321 ; 452 
321 ; 459 
321 ; 487 
321 ; 489 
321 ; 497 
321 ; 511 
321 ; 516 
322 ; 330 
322 ; 331 
322 ; 343 
322 ; 360 
322 ; 382 
322 ; 399 
322 ; 413 
322 ; 424 
322 ; 437 
322 ; 439 
322 ; 441 
322 ; 454 
322 ; 464 
322 ; 470 
322 ; 481 
322 ; 497 
322 ; 517 
322 ; 524 
323 ; 384 
323 ; 414 
323 ; 464 
323 ; 517 
323 ; 524 
323 ; 528 
324 ; 346 
324 ; 359 
324 ; 415 
324 ; 423 
324 ; 428 
324 ; 438 
324 ; 464 
324 ; 465 
324 ; 472 
324 ; 493 
324 ; 499 
324 ; 507 
325 ; 331 
325 ; 335 
325 ; 339 
325 ; 374 
325 ; 400 
325 ; 403 
325 ; 432 
325 ; 450 
325 ; 483 
325 ; 489 
325 ; 513 
325 ; 528 
326 ; 340 
326 ; 365 
326 ; 407 
326 ; 459 
326 ; 469 
326 ; 486 
326 ; 490 
326 ; 504 
326 ; 508 
327 ; 349 
327 ; 374 
327 ; 377 
327 ; 404 
327 ; 419 
327 ; 425 
327 ; 446 
327 ; 451 
327 ; 477 
327 ; 483 
327 ; 515 
327 ; 522 
327 ; 533 
328 ; 352 
328 ; 424 
328 ; 433 
328 ; 443 
328 ; 445 
328 ; 460 
328 ; 469 
328 ; 510 
328 ; 511 
328 ; 515 
328 ; 516 
328 ; 517 
328 ; 529 
329 ; 349 
329 ; 354 
329 ; 365 
329 ; 387 
329 ; 397 
329 ; 417 
329 ; 423 
329 ; 430 
329 ; 444 
329 ; 456 
329 ; 492 
329 ; 512 
330 ; 371 
330 ; 392 
330 ; 412 
330 ; 420 
330 ; 423 
330 ; 425 
330 ; 432 
330 ; 434 
330 ; 467 
330 ; 494 
330 ; 506 
330 ; 514 
331 ; 426 
331 ; 434 
331 ; 440 
331 ; 457 
331 ; 510 
331 ; 530 
332 ; 354 
332 ; 378 
332 ; 390 
332 ; 396 
332 ; 422 
332 ; 423 
332 ; 436 
332 ; 457 
332 ; 480 
332 ; 514 
333 ; 374 
333 ; 378 
333 ; 401 
333 ; 417 
333 ; 429 
333 ; 446 
333 ; 501 
333 ; 516 
333 ; 529 
334 ; 342 
334 ; 353 
334 ; 382 
334 ; 394 
334 ; 413 
334 ; 421 
334 ; 479 
334 ; 500 
334 ; 510 
335 ; 338 
335 ; 368 
335 ; 377 
335 ; 379 
335 ; 388 
335 ; 390 
335 ; 405 
335 ; 419 
335 ; 472 
335 ; 478 
335 ; 489 
335 ; 505 
335 ; 520 
335 ; 523 
336 ; 366 
336 ; 396 
336 ; 402 
336 ; 414 
336 ; 421 
336 ; 428 
336 ; 436 
336 ; 463 
336 ; 481 
336 ; 488 
336 ; 504 
337 ; 342 
337 ; 370 
337 ; 381 
337 ; 388 
338 ; 341 
338 ; 357 
338 ; 389 
338 ; 397 
338 ; 406 
338 ; 429 
338 ; 449 
338 ; 470 
338 ; 514 
338 ; 516 
338 ; 531 
339 ; 343 
339 ; 356 
339 ; 389 
339 ; 416 
339 ; 425 
339 ; 449 
339 ; 481 
339 ; 494 
339 ; 514 
340 ; 347 
340 ; 363 
340 ; 403 
340 ; 404 
340 ; 412 
340 ; 416 
340 ; 425 
340 ; 431 
340 ; 436 
340 ; 452 
340 ; 460 
340 ; 516 
340 ; 525 
341 ; 397 
341 ; 422 
341 ; 425 
341 ; 432 
341 ; 452 
341 ; 466 
341 ; 519 
342 ; 351 
342 ; 394 
342 ; 408 
342 ; 435 
342 ; 440 
342 ; 453 
342 ; 479 
342 ; 498 
342 ; 516 
342 ; 524 
343 ; 366 
343 ; 376 
343 ; 387 
343 ; 400 
343 ; 431 
343 ; 434 
343 ; 448 
343 ; 461 
343 ; 482 
343 ; 524 
344 ; 404 
344 ; 407 
344 ; 460 
344 ; 466 
344 ; 470 
344 ; 472 
344 ; 515 
344 ; 517 
344 ; 532 
345 ; 370 
345 ; 390 
345 ; 395 
345 ; 414 
345 ; 421 
345 ; 428 
345 ; 460 
345 ; 461 
345 ; 464 
345 ; 500 
345 ; 513 
345 ; 526 
346 ; 348 
346 ; 368 
346 ; 407 
346 ; 442 
346 ; 444 
346 ; 481 
346 ; 507 
346 ; 509 
346 ; 521 
347 ; 379 
347 ; 384 
347 ; 442 
347 ; 446 
347 ; 458 
347 ; 468 
347 ; 476 
348 ; 392 
348 ; 402 
348 ; 409 
348 ; 419 
348 ; 422 
348 ; 431 
348 ; 464 
348 ; 478 
348 ; 486 
348 ; 492 
348 ; 493 
348 ; 506 
349 ; 352 
349 ; 355 
349 ; 376 
349 ; 409 
349 ; 475 
349 ; 525 
349 ; 529 
350 ; 385 
350 ; 431 
350 ; 444 
350 ; 455 
350 ; 462 
350 ; 468 
350 ; 473 
350 ; 496 
351 ; 358 
351 ; 359 
351 ; 372 
351 ; 433 
351 ; 450 
351 ; 472 
351 ; 474 
351 ; 498 
351 ; 502 
351 ; 505 
352 ; 384 
352 ; 394 
352 ; 444 
352 ; 445 
352 ; 480 
352 ; 485 
352 ; 520 
352 ; 522 
353 ; 404 
353 ; 437 
353 ; 441 
353 ; 444 
353 ; 445 
353 ; 446 
353 ; 496 
353 ; 499 
353 ; 528 
354 ; 369 
354 ; 374 
354 ; 422 
354 ; 505 
355 ; 370 
355 ; 389 
355 ; 392 
355 ; 424 
355 ; 447 
355 ; 469 
355 ; 477 
355 ; 489 
356 ; 363 
356 ; 382 
356 ; 404 
356 ; 425 
356 ; 443 
356 ; 467 
356 ; 482 
356 ; 505 
356 ; 509 
356 ; 511 
356 ; 531 
357 ; 360 
357 ; 368 
357 ; 380 
357 ; 385 
357 ; 419 
357 ; 475 
357 ; 510 
357 ; 526 
358 ; 374 
358 ; 393 
358 ; 406 
358 ; 421 
358 ; 437 
358 ; 439 
358 ; 444 
358 ; 486 
358 ; 526 
358 ; 532 
359 ; 381 
359 ; 458 
359 ; 463 
359 ; 464 
359 ; 522 
359 ; 525 
360 ; 385 
360 ; 393 
360 ; 436 
360 ; 455 
360 ; 490 
360 ; 520 
360 ; 526 
361 ; 419 
361 ; 428 
361 ; 457 
361 ; 484 
361 ; 486 
361 ; 495 
361 ; 504 
361 ; 511 
361 ; 522 
362 ; 384 
362 ; 387 
362 ; 392 
362 ; 426 
362 ; 439 
362 ; 496 
362 ; 500 
362 ; 529 
363 ; 404 
363 ; 499 
364 ; 407 
364 ; 433 
364 ; 484 
364 ; 522 
365 ; 371 
365 ; 376 
365 ; 378 
365 ; 391 
365 ; 416 
365 ; 436 
365 ; 443 
365 ; 463 
365 ; 493 
365 ; 497 
365 ; 501 
365 ; 513 
366 ; 372 
366 ; 432 
366 ; 447 
366 ; 466 
366 ; 530 
367 ; 370 
367 ; 377 
367 ; 404 
367 ; 413 
367 ; 419 
367 ; 423 
367 ; 446 
367 ; 451 
367 ; 473 
367 ; 474 
367 ; 508 
368 ; 433 
368 ; 435 
368 ; 445 
368 ; 452 
368 ; 480 
368 ; 514 
368 ; 528 
369 ; 403 
369 ; 475 
369 ; 481 
369 ; 507 
369 ; 521 
370 ; 374 
370 ; 391 
370 ; 405 
370 ; 417 
370 ; 418 
370 ; 419 
370 ; 426 
370 ; 438 
370 ; 459 
370 ; 492 
370 ; 506 
370 ; 512 
370 ; 518 
371 ; 393 
371 ; 399 
371 ; 411 
371 ; 424 
371 ; 435 
371 ; 446 
371 ; 447 
371 ; 490 
372 ; 376 
372 ; 390 
372 ; 395 
372 ; 410 
372 ; 431 
372 ; 451 
372 ; 488 
373 ; 402 
373 ; 408 
373 ; 444 
373 ; 445 
373 ; 457 
373 ; 504 
373 ; 530 
374 ; 402 
374 ; 422 
374 ; 438 
374 ; 455 
374 ; 458 
374 ; 465 
374 ; 469 
374 ; 481 
374 ; 487 
374 ; 491 
374 ; 534 
375 ; 387 
375 ; 400 
375 ; 414 
375 ; 424 
375 ; 434 
375 ; 449 
375 ; 529 
376 ; 398 
376 ; 422 
376 ; 496 
376 ; 499 
377 ; 393 
377 ; 396 
377 ; 413 
377 ; 424 
377 ; 435 
377 ; 450 
377 ; 452 
377 ; 453 
377 ; 464 
377 ; 471 
377 ; 486 
377 ; 500 
377 ; 503 
377 ; 509 
378 ; 412 
378 ; 438 
378 ; 446 
378 ; 458 
378 ; 465 
378 ; 495 
378 ; 504 
378 ; 513 
378 ; 515 
379 ; 387 
379 ; 399 
379 ; 401 
379 ; 428 
379 ; 472 
379 ; 482 
379 ; 492 
379 ; 515 
380 ; 430 
380 ; 433 
380 ; 444 
380 ; 463 
380 ; 464 
380 ; 526 
381 ; 396 
381 ; 405 
381 ; 421 
381 ; 451 
381 ; 453 
381 ; 473 
381 ; 483 
381 ; 519 
382 ; 387 
382 ; 390 
382 ; 396 
382 ; 397 
382 ; 401 
382 ; 411 
382 ; 417 
382 ; 458 
382 ; 476 
382 ; 510 
382 ; 522 
383 ; 399 
383 ; 407 
383 ; 423 
383 ; 432 
383 ; 472 
383 ; 480 
383 ; 503 
383 ; 507 
384 ; 407 
384 ; 425 
384 ; 453 
384 ; 489 
384 ; 516 
385 ; 386 
385 ; 396 
385 ; 414 
385 ; 416 
385 ; 447 
385 ; 463 
385 ; 474 
385 ; 518 
385 ; 526 
386 ; 388 
386 ; 390 
386 ; 399 
386 ; 512 
387 ; 392 
387 ; 414 
387 ; 437 
387 ; 449 
387 ; 455 
387 ; 459 
387 ; 465 
387 ; 470 
387 ; 480 
387 ; 510 
387 ; 512 
388 ; 390 
388 ; 393 
388 ; 401 
388 ; 418 
388 ; 446 
388 ; 455 
388 ; 460 
388 ; 476 
388 ; 481 
388 ; 526 
388 ; 527 
388 ; 529 
388 ; 530 
388 ; 534 
389 ; 392 
389 ; 394 
389 ; 448 
390 ; 395 
390 ; 427 
390 ; 480 
391 ; 395 
391 ; 399 
391 ; 400 
391 ; 408 
391 ; 415 
391 ; 465 
391 ; 471 
391 ; 508 
392 ; 395 
392 ; 397 
392 ; 415 
392 ; 428 
392 ; 432 
392 ; 511 
392 ; 516 
392 ; 521 
392 ; 534 
393 ; 421 
393 ; 427 
393 ; 432 
393 ; 450 
393 ; 457 
393 ; 485 
393 ; 506 
393 ; 521 
393 ; 523 
394 ; 407 
394 ; 453 
394 ; 454 
394 ; 462 
394 ; 480 
394 ; 506 
395 ; 398 
395 ; 428 
395 ; 503 
395 ; 513 
395 ; 525 
396 ; 398 
396 ; 399 
396 ; 444 
396 ; 456 
396 ; 490 
396 ; 502 
396 ; 509 
397 ; 410 
397 ; 412 
397 ; 438 
397 ; 443 
397 ; 454 
397 ; 458 
397 ; 464 
397 ; 492 
397 ; 527 
398 ; 403 
398 ; 414 
398 ; 440 
398 ; 452 
398 ; 480 
398 ; 485 
398 ; 488 
398 ; 489 
398 ; 505 
399 ; 407 
399 ; 412 
399 ; 418 
399 ; 429 
399 ; 437 
399 ; 445 
399 ; 446 
399 ; 473 
399 ; 502 
399 ; 503 
399 ; 517 
399 ; 531 
400 ; 421 
400 ; 435 
400 ; 445 
400 ; 469 
400 ; 477 
400 ; 526 
401 ; 416 
401 ; 439 
401 ; 465 
401 ; 524 
402 ; 405 
402 ; 417 
402 ; 426 
402 ; 429 
402 ; 453 
402 ; 454 
402 ; 465 
402 ; 491 
402 ; 496 
402 ; 530 
403 ; 430 
403 ; 436 
403 ; 482 
403 ; 492 
403 ; 499 
404 ; 425 
404 ; 440 
404 ; 446 
404 ; 467 
404 ; 476 
404 ; 497 
404 ; 511 
404 ; 530 
404 ; 533 
405 ; 418 
405 ; 454 
405 ; 459 
405 ; 472 
405 ; 499 
405 ; 509 
405 ; 523 
406 ; 407 
406 ; 493 
406 ; 508 
406 ; 509 
407 ; 415 
407 ; 439 
407 ; 459 
407 ; 470 
407 ; 484 
407 ; 500 
407 ; 510 
407 ; 515 
407 ; 516 
408 ; 478 
408 ; 523 
409 ; 415 
409 ; 425 
409 ; 436 
409 ; 438 
409 ; 457 
409 ; 483 
409 ; 507 
409 ; 511 
410 ; 441 
410 ; 499 
410 ; 528 
411 ; 413 
411 ; 415 
411 ; 417 
411 ; 423 
411 ; 446 
411 ; 452 
411 ; 525 
412 ; 470 
412 ; 475 
412 ; 490 
412 ; 495 
412 ; 512 
412 ; 522 
412 ; 530 
413 ; 457 
413 ; 468 
413 ; 492 
413 ; 495 
414 ; 423 
414 ; 435 
414 ; 453 
414 ; 465 
414 ; 481 
414 ; 492 
414 ; 500 
415 ; 426 
415 ; 462 
415 ; 499 
415 ; 503 
415 ; 514 
416 ; 456 
416 ; 480 
416 ; 485 
416 ; 495 
416 ; 501 
416 ; 533 
417 ; 422 
417 ; 423 
417 ; 446 
417 ; 471 
417 ; 473 
417 ; 497 
417 ; 524 
417 ; 525 
417 ; 526 
418 ; 425 
418 ; 449 
418 ; 465 
418 ; 475 
419 ; 424 
419 ; 430 
419 ; 441 
419 ; 443 
419 ; 469 
419 ; 522 
419 ; 533 
420 ; 423 
420 ; 437 
420 ; 439 
420 ; 448 
420 ; 454 
420 ; 475 
420 ; 477 
420 ; 493 
420 ; 520 
420 ; 527 
421 ; 423 
421 ; 452 
421 ; 453 
421 ; 461 
421 ; 470 
421 ; 516 
422 ; 426 
422 ; 447 
422 ; 493 
423 ; 500 
423 ; 512 
423 ; 516 
424 ; 440 
424 ; 442 
424 ; 465 
424 ; 466 
424 ; 469 
424 ; 472 
424 ; 489 
424 ; 493 
424 ; 507 
424 ; 516 
425 ; 498 
425 ; 507 
425 ; 518 
425 ; 522 
426 ; 457 
426 ; 508 
426 ; 514 
427 ; 467 
427 ; 484 
427 ; 492 
427 ; 508 
427 ; 509 
428 ; 431 
428 ; 462 
428 ; 489 
428 ; 501 
428 ; 507 
428 ; 526 
429 ; 430 
429 ; 433 
429 ; 443 
429 ; 444 
429 ; 452 
429 ; 458 
429 ; 475 
429 ; 484 
429 ; 510 
430 ; 434 
430 ; 439 
430 ; 469 
430 ; 487 
430 ; 500 
430 ; 517 
430 ; 532 
431 ; 463 
431 ; 466 
431 ; 467 
431 ; 522 
432 ; 443 
432 ; 462 
432 ; 483 
432 ; 523 
432 ; 534 
433 ; 462 
433 ; 470 
433 ; 496 
434 ; 452 
434 ; 489 
434 ; 503 
434 ; 506 
434 ; 508 
434 ; 532 
435 ; 441 
435 ; 442 
435 ; 486 
435 ; 503 
436 ; 439 
436 ; 509 
437 ; 439 
437 ; 441 
437 ; 504 
437 ; 533 
438 ; 443 
438 ; 448 
438 ; 458 
438 ; 507 
438 ; 512 
439 ; 457 
439 ; 480 
439 ; 496 
439 ; 497 
439 ; 498 
439 ; 509 
439 ; 513 
439 ; 521 
440 ; 443 
440 ; 458 
440 ; 481 
440 ; 496 
441 ; 466 
441 ; 472 
441 ; 499 
441 ; 516 
441 ; 524 
441 ; 526 
442 ; 481 
442 ; 483 
442 ; 485 
442 ; 486 
442 ; 506 
442 ; 531 
442 ; 532 
443 ; 477 
443 ; 497 
443 ; 513 
443 ; 523 
443 ; 527 
443 ; 531 
444 ; 460 
444 ; 530 
445 ; 451 
445 ; 481 
445 ; 497 
445 ; 514 
446 ; 473 
446 ; 475 
446 ; 499 
446 ; 520 
446 ; 527 
447 ; 459 
447 ; 461 
447 ; 478 
447 ; 488 
447 ; 512 
447 ; 520 
447 ; 524 
449 ; 459 
449 ; 472 
449 ; 523 
450 ; 451 
450 ; 456 
450 ; 459 
450 ; 491 
450 ; 509 
451 ; 488 
451 ; 506 
451 ; 519 
451 ; 524 
452 ; 461 
452 ; 462 
452 ; 473 
452 ; 496 
452 ; 518 
453 ; 466 
453 ; 485 
453 ; 492 
453 ; 515 
453 ; 519 
453 ; 524 
454 ; 479 
454 ; 485 
454 ; 502 
454 ; 529 
455 ; 468 
455 ; 478 
455 ; 494 
456 ; 498 
456 ; 517 
456 ; 519 
456 ; 523 
456 ; 527 
457 ; 515 
458 ; 533 
459 ; 473 
459 ; 490 
459 ; 498 
459 ; 499 
459 ; 531 
460 ; 464 
460 ; 494 
460 ; 508 
460 ; 525 
461 ; 492 
461 ; 508 
462 ; 472 
462 ; 486 
462 ; 489 
462 ; 532 
463 ; 464 
463 ; 481 
464 ; 468 
464 ; 474 
464 ; 503 
465 ; 518 
466 ; 514 
466 ; 520 
466 ; 530 
467 ; 481 
467 ; 534 
468 ; 499 
468 ; 515 
468 ; 518 
468 ; 523 
469 ; 473 
469 ; 501 
469 ; 521 
469 ; 527 
469 ; 533 
470 ; 474 
470 ; 499 
470 ; 501 
470 ; 513 
471 ; 477 
471 ; 509 
471 ; 512 
471 ; 515 
471 ; 517 
471 ; 533 
472 ; 477 
472 ; 488 
472 ; 500 
472 ; 509 
472 ; 524 
473 ; 496 
473 ; 499 
473 ; 508 
473 ; 530 
473 ; 534 
474 ; 475 
474 ; 495 
474 ; 504 
474 ; 509 
474 ; 513 
474 ; 525 
474 ; 531 
476 ; 492 
476 ; 494 
476 ; 499 
476 ; 501 
477 ; 481 
477 ; 487 
477 ; 506 
477 ; 507 
477 ; 517 
477 ; 518 
477 ; 527 
478 ; 496 
478 ; 497 
478 ; 525 
479 ; 524 
480 ; 521 
481 ; 495 
481 ; 496 
481 ; 502 
481 ; 511 
481 ; 519 
481 ; 526 
482 ; 491 
482 ; 503 
482 ; 505 
482 ; 531 
483 ; 520 
484 ; 492 
485 ; 490 
485 ; 520 
485 ; 530 
486 ; 490 
486 ; 522 
486 ; 526 
486 ; 533 
487 ; 489 
487 ; 500 
487 ; 508 
487 ; 515 
487 ; 516 
488 ; 491 
488 ; 513 
489 ; 511 
489 ; 515 
489 ; 525 
490 ; 510 
491 ; 508 
491 ; 511 
491 ; 525 
492 ; 512 
494 ; 506 
495 ; 519 
495 ; 533 
496 ; 514 
496 ; 515 
496 ; 529 
498 ; 505 
498 ; 512 
499 ; 500 
499 ; 519 
500 ; 517 
501 ; 510 
502 ; 533 
504 ; 527 
505 ; 510 
505 ; 511 
506 ; 508 
507 ; 508 
507 ; 527 
508 ; 512 
508 ; 516 
509 ; 527 
510 ; 517 
511 ; 520 
513 ; 517 
513 ; 533 
514 ; 527 
515 ; 519 
516 ; 528 
516 ; 529 
516 ; 531 
520 ; 521 
520 ; 533 
521 ; 528 
522 ; 532 
523 ; 531 
527 ; 534 
