2 
4 
10 
11 
13 
16 
22 
23 
24 
27 
29 
33 
34 
35 
42 
43 
46 
54 
58 
59 
61 
66 
70 
71 
72 
74 
75 
76 
80 
81 
83 
84 
86 
88 
90 
92 
94 
95 
96 
101 
102 
107 
109 
110 
112 
114 
115 
117 
118 
119 
120 
121 
122 
125 
128 
129 
130 
131 
132 
135 
137 
138 
139 
140 
141 
142 
148 
150 
151 
152 
154 
155 
158 
159 
162 
164 
165 
166 
168 
169 
172 
173 
174 
176 
177 
178 
180 
182 
185 
186 
190 
193 
195 
197 
199 
201 
203 
205 
208 
209 
210 
216 
217 
221 
225 
226 
232 
234 
235 
238 
239 
241 
242 
243 
244 
245 
246 
247 
248 
249 
252 
253 
254 
258 
260 
261 
265 
269 
272 
273 
276 
277 
282 
283 
284 
285 
286 
289 
291 
292 
295 
298 
300 
301 
303 
306 
307 
308 
309 
311 
312 
314 
315 
317 
318 
320 
326 
330 
331 
333 
334 
339 
341 
342 
344 
345 
346 
349 
350 
352 
357 
358 
359 
363 
364 
365 
366 
368 
369 
372 
373 
374 
375 
377 
386 
387 
389 
390 
391 
397 
398 
400 
401 
402 
403 
404 
406 
407 
412 
414 
415 
416 
417 
418 
421 
422 
426 
427 
432 
433 
436 
439 
442 
444 
446 
448 
450 
451 
452 
454 
456 
458 
459 
461 
462 
465 
466 
468 
469 
470 
471 
473 
474 
475 
476 
479 
481 
483 
485 
487 
489 
490 
492 
493 
494 
496 
497 
499 
500 
501 
502 
503 
504 
506 
507 
510 
512 
514 
515 
516 
518 
519 
520 
521 
523 
524 
525 
528 
529 
530 
532 
533 
536 
537 
541 
542 
543 
544 
545 
546 
547 
548 
549 
552 
553 
555 
556 
559 
560 
562 
563 
565 
566 
567 
568 
569 
570 
572 
573 
574 
576 
579 
580 
581 
583 
584 
585 
586 
588 
589 
590 
591 
593 
594 
595 
596 
597 
599 
600 
601 
602 
604 
605 
606 
607 
609 
612 
614 
615 
616 
618 
620 
621 
622 
624 
625 
